10	0.57	              13.613	   0.344448275862069	                0.48
20	0.59	              44.218	   0.336426160337553	               0.508
30	0.59	              82.703	   0.312554511278196	               0.502
40      0.591875	      142.126	   0.306040084388186	               0.502
50	0.592	              214.384	   0.287604996623903	               0.498
200	0.592875	      2258.917	   0.256604697250801	               0.499
300	0.59254444444444      4601.948	   0.247437914869679	                 0.5
400	0.59235	              6133.065	   0.233234054675712	                 0.5
500	0.59288	              1619.404	   0.237078659569157	                 0.5
1000	0.592839	      326.679	   0.219823763578706	         	 0.5

