#L=10
                  p	          Mean size	              P inf	              P span
                   0	                   1	                   0	                   0	                   1	              2.5132
                0.01	              1.0327	                   0	                   0	                   2	                 0.7
                0.02	              1.0048	                   0	                   0	                   3	              0.4616
                0.03	               1.015	                   0	                   0	                   4	              0.3225
                0.04	              1.0262	                   0	                   0	                   5	              0.2214
                0.05	              1.0546	                   0	                   0	                   6	              0.1745
                0.06	              1.0256	                   0	                   0	                   7	              0.1372
                0.07	              1.0552	                   0	                   0	                   8	              0.1102
                0.08	              1.0489	                   0	                   0	                   9	              0.0964
                0.09	              1.0902	                   0	                   0	                  10	              0.0824
                 0.1	              1.1041	                   0	                   0	                  11	              0.0706
                0.11	              1.1551	                   0	                   0	                  12	               0.062
                0.12	                1.17	                   0	                   0	                  13	               0.059
                0.13	              1.2576	                   0	                   0	                  14	               0.053
                0.14	              1.2613	                   0	                   0	                  15	              0.0488
                0.15	              1.3651	                   0	                   0	                  16	              0.0424
                0.16	              1.3924	                   0	                   0	                  17	              0.0403
                0.17	              1.5157	                   0	                   0	                  18	              0.0371
                0.18	              1.5758	                   0	                   0	                  19	              0.0357
                0.19	              1.7132	                   0	                   0	                  20	              0.0336
                 0.2	              1.7846	                   0	                   0	                  21	              0.0306
                0.21	              1.9446	                   0	                   0	                  22	              0.0292
                0.22	              2.0421	                   0	                   0	                  23	               0.028
                0.23	              2.2006	                   0	                   0	                  24	              0.0298
                0.24	              2.3227	                   0	                   0	                  25	              0.0259
                0.25	              2.4865	                   0	                   0	                  26	              0.0272
                0.26	              2.6258	                   0	                   0	                  27	              0.0266
                0.27	              2.8073	     0.0001071428571	              0.0002	                  28	              0.0252
                0.28	              2.9748	     0.0001034482759	              0.0002	                  29	               0.027
                0.29	              3.1787	             0.00014	              0.0003	                  30	              0.0245
                 0.3	              3.3746	     0.0001387096774	              0.0003	                  31	              0.0268
                0.31	               3.606	         0.000265625	              0.0005	                  32	               0.025
                0.32	              3.8257	     0.0004939393939	              0.0009	                  33	              0.0235
                0.33	              4.0993	     0.0007441176471	              0.0014	                  34	              0.0242
                0.34	              4.3652	      0.001277142857	              0.0024	                  35	              0.0259
                0.35	              4.6708	      0.001427777778	              0.0027	                  36	              0.0279
                0.36	              4.9904	              0.0021	              0.0039	                  37	              0.0293
                0.37	              5.3264	      0.002842105263	              0.0052	                  38	              0.0253
                0.38	              5.6847	      0.004476923077	              0.0082	                  39	              0.0269
                0.39	              6.0992	           0.0054275	                0.01	                  40	              0.0312
                 0.4	              6.4957	      0.007836585366	              0.0142	                  41	              0.0273
                0.41	              6.9577	      0.009866666667	              0.0181	                  42	              0.0289
                0.42	              7.4165	       0.01373255814	              0.0249	                  43	              0.0306
                0.43	               7.943	       0.01767045455	              0.0318	                  44	              0.0306
                0.44	              8.4666	       0.02231333333	              0.0396	                  45	              0.0309
                0.45	               9.039	             0.02835	              0.0497	                  46	              0.0315
                0.46	              9.5878	       0.03735319149	              0.0641	                  47	              0.0303
                0.47	             10.1508	           0.0495625	              0.0839	                  48	              0.0322
                0.48	             10.7137	       0.06216530612	               0.104	                  49	              0.0326
                0.49	             11.2886	            0.078426	               0.129	                  50	              0.0298
                 0.5	             11.8512	        0.0967372549	              0.1558	                  51	              0.0283
                0.51	             12.3087	        0.1212307692	              0.1917	                  52	              0.0314
                0.52	             12.7298	        0.1482132075	              0.2302	                  53	               0.031
                0.53	             13.0785	        0.1791685185	              0.2743	                  54	              0.0248
                0.54	             13.3262	        0.2121963636	              0.3184	                  55	               0.024
                0.55	             13.5843	        0.2469964286	              0.3625	                  56	              0.0176
                0.56	             13.7136	        0.2854368421	              0.4098	                  57	               0.016
                0.57	             13.6364	        0.3316189655	              0.4656	                  58	              0.0094
                0.58	             13.4797	        0.3789322034	              0.5193	                  59	              0.0051
                0.59	             13.0811	            0.428065	              0.5725	                  60	              0.0024
                 0.6	             12.6746	        0.4770327869	              0.6241
                0.61	             12.0968	        0.5296516129	              0.6768
                0.62	             11.3545	        0.5815396825	              0.7268
                0.63	             10.5137	        0.6331890625	              0.7737
                0.64	              9.7687	        0.6778076923	              0.8119
                0.65	              8.8199	        0.7233439394	              0.8493
                0.66	              7.9765	        0.7626358209	              0.8783
                0.67	              6.9881	        0.8032544118	              0.9073
                0.68	              6.1288	         0.836415942	              0.9288
                0.69	              5.3024	             0.86551	              0.9465
                 0.7	              4.5835	        0.8896028169	              0.9601
                0.71	              3.8823	             0.91045	                0.97
                0.72	              3.3226	        0.9278506849	              0.9792
                0.73	              2.7585	             0.94295	              0.9862
                0.74	              2.3279	        0.9545866667	              0.9908
                0.75	              1.9778	        0.9633421053	              0.9936
                0.76	              1.6266	        0.9712987013	              0.9964
                0.77	              1.3677	         0.976975641	              0.9977
                0.78	              1.1338	        0.9817341772	              0.9985
                0.79	              0.9333	            0.985625	              0.9991
                 0.8	              0.7608	        0.9887419753	              0.9996
                0.81	               0.616	        0.9913256098	              0.9999
                0.82	               0.501	        0.9931807229	                   1
                0.83	              0.4088	        0.9945964286	                   1
                0.84	              0.3239	        0.9958247059	                   1
                0.85	              0.2524	         0.996827907	                   1
                0.86	              0.2008	        0.9975390805	                   1
                0.87	              0.1567	        0.9981113636	                   1
                0.88	              0.1237	        0.9985516854	                   1
                0.89	              0.0921	        0.9989422222	                   1
                 0.9	              0.0628	        0.9992879121	                   1
                0.91	              0.0462	        0.9994847826	                   1
                0.92	              0.0291	        0.9996860215	                   1
                0.93	              0.0185	        0.9998021277	                   1
                0.94	              0.0092	        0.9999031579	                   1
                0.95	              0.0047	        0.9999510417	                   1
                0.96	              0.0022	        0.9999773196	                   1
                0.97	              0.0004	        0.9999959184	                   1
                0.98	                   0	                   1	                   1
                0.99	                   0	                   1	                   1
