1000
612979852
447898274
441324113
547116163
781064195
595994136
127595027
908422573
969011938
997274605
470253178
674322676
519679053
997616126
860344475
483137750
565639082
277417949
541456179
613181140
170975748
294935785
601991204
369341546
924750868
659833364
143003648
568082879
980909709
689920952
401190710
78407971
102408496
250689023
916189070
810775019
276120675
575793807
145900120
663482470
605202773
144301737
488651088
826008528
745703002
75306453
533491221
658884376
799988589
61307432
337493127
682005109
260708750
345977298
193536882
245213194
849504419
842561077
453187498
352934840
907406967
575600935
42192744
774662120
596931588
134821053
317505783
299853181
472511518
142016993
671733136
830530017
933089650
136031278
934912858
792581254
998974243
74116596
425956077
412956578
144801259
329675855
966970710
65725459
578639342
310688830
519818988
109441154
191646528
991516672
746582513
379829721
739724441
863683041
313358266
212492271
308441774
435767107
178839595
810984657
126247021
880286826
62136830
777293766
631301798
814623388
935739963
331794118
100437793
576954619
171191352
654682547
814706535
230615428
762920977
692600280
437265107
33123380
468688213
242075665
426751413
102860899
676775938
311702733
68285184
532036707
246765566
973973342
213072484
468960162
725356992
618606731
900284128
863726856
354491145
609579447
416174034
131369546
454432693
694049312
172530699
600248959
583904653
923699415
534127575
578579994
189973039
90317387
899151028
465523167
365033829
234617330
973599181
325222813
248771455
401863827
115396985
704148767
308141915
110869990
558482594
574953336
743606632
673096630
634244587
601478462
262504711
709622281
834546190
583730532
145517179
129601556
405845283
224012184
34113720
500447960
649416280
170713669
914089827
61444365
469245712
99471716
117806465
685309069
568266991
712695919
844742423
892647296
574205842
564671884
144041243
829819946
482045186
230227388
787978805
270741157
515468121
479933258
879851589
473888416
109113191
454860273
452827623
908779185
893079539
820286270
382509771
366604264
465700544
336019498
216354052
683377493
126421128
778920995
623851589
972719993
262712747
598996439
947266321
303859863
955654042
109584565
662671992
547079930
569000939
668370151
287930747
606322972
440359000
710241097
626349242
774146656
592558703
326470450
578647482
210631099
843090212
584860875
656292467
508147096
144385813
219810297
47398625
544002643
243445010
911519194
962688663
262254926
495557034
96690575
269869464
764903907
935219894
644123766
864882800
63194521
247501630
402844948
995767522
244318529
11895643
880240803
466769815
13677203
973222935
785412666
348561469
301289207
820090705
370105916
161625689
177690633
194899217
905692766
395848316
605063387
694436504
977632445
162200996
246536212
86106553
922884050
536446949
371971965
111806105
657768038
221703913
326644002
582107324
680327590
762725401
603263250
662292212
42396676
748252673
117273418
178140758
365123709
124885082
58875465
508657184
960153385
996292241
996205228
120192155
463696941
595401241
383022889
952158017
867592357
148643798
226919509
294852556
91154537
750456526
82066780
259581951
750876342
908644789
217954557
399843470
514098090
305436789
28006267
940645213
680009489
375879290
298510403
538160922
363129576
22090273
130607512
98669927
589005922
190147337
864236073
573416272
75214399
942765737
17197191
531500307
288728312
177751773
552874299
427296782
667652551
384944277
881003365
403188566
393971102
958735005
321263208
956011484
85933904
406721696
221832626
183691449
198717635
946956618
671789740
43402110
956450037
501124771
236664494
400928215
537761187
841854737
42411070
893531250
66700423
213609112
751227731
535271893
159927635
595119896
525579315
258765685
176163758
507744831
92749533
664618333
669751638
636265168
839682591
334544025
355040324
735092114
430096467
668961995
15445270
383669723
989229399
506534174
510534045
435650140
774316231
428060616
525046597
805868731
942463137
669547464
162042033
407131503
947465028
370396647
224490577
655839562
300702035
68870742
183299253
132826116
211473999
966710707
715129595
814513510
416898568
616632208
713677887
776093376
15655697
465164452
731453166
440209512
727359076
402657873
63079087
890303908
111612226
544800085
413743164
728247709
499515815
709501570
86274256
503661156
621715563
390890138
705769796
631050483
958499182
569096368
966605783
803112386
304991322
106092627
985956632
290672248
53090348
850476943
51405929
214922458
621349480
189188024
183174886
71158003
826414996
963998148
146271938
193271111
267981756
880721871
125431915
793079820
681616946
612126621
118421534
935779327
37607789
421323229
109606333
328378176
635903699
308353776
921527308
232418142
230610131
84775400
825531020
246249574
117950524
62338109
562213807
100735885
668517469
703092032
320994183
812788878
236220312
668209309
506405670
649428585
370712780
495422349
604519531
400201393
814731836
802051364
398117699
232931836
625951806
465133676
788953753
373768659
488675946
46746411
844492732
663765809
981679970
429999344
329479210
699009083
831336456
829692354
689335404
89223537
222914354
467925319
259393555
237240145
783258165
728680190
377610300
778533322
959753518
889789060
748101561
291378707
440824735
48772464
672450805
948699071
563447285
40371642
800763564
81644918
611101942
472099853
938302151
271384998
774855979
221847073
283462825
15500530
863900600
736668955
562268329
690926992
170553935
853045770
131876367
883984881
725764027
100111959
341068930
666015096
287956439
256349808
651305416
439906059
942084906
826501403
255732344
275610693
89985818
897976785
474730316
47664965
742116887
72319243
855046870
95037233
839512586
231942307
42888498
752244816
245477893
225295350
344991618
166750150
191078918
595406129
900893243
316307974
50881669
638750378
996842352
736604472
599807829
602460825
93618173
347193412
927675002
695866581
106790837
175869130
861386629
884962250
629784908
618729464
620175217
684522599
750635013
304383324
133447407
158762241
63707524
161550135
171570377
953687714
819462893
60476238
649884362
245406889
415086440
107584425
953670109
761943763
792035248
258725642
339422876
311047573
484598339
313730225
566041820
347942658
597414379
924837519
416301806
661957470
202164620
697811752
863027183
459372463
168729605
405524701
387969299
918974324
441543366
249319000
25446226
384916547
952001343
422627358
454930361
450858534
305971231
481207254
874441625
466963069
596447158
223552145
582259158
357480007
236869718
119825267
565243887
457461550
851508002
263933605
819914095
707530045
766921635
347876915
900801640
265932673
934547173
518789751
938810436
164146060
250248048
404690125
902502988
705079238
277328492
386809353
778600034
582235978
303686909
540757268
667485917
914624011
427105148
359243861
646637528
567339991
57106111
508295719
298393325
552476325
108482653
149905415
435880783
801271427
595174020
112778167
270487175
668989114
144737891
238215813
948116187
223667283
20815856
977708349
414449861
286893541
621807452
836463360
618972085
819121153
585159722
26186264
743868400
479561385
249446245
831599780
364561711
843780312
802015555
214741356
623887970
836556350
638300242
906293766
740210507
741554441
568565713
284683250
728307892
416457450
692184951
557890659
851895885
940662510
699173179
939693377
601750303
89256448
24715692
993143820
898382013
660480811
981184598
310800552
732025432
230373064
521173413
86391401
729593258
82782860
15256368
917981857
913514294
246823250
737694348
708505604
390546473
213866920
95749751
930316523
788122077
217136671
849130319
395326675
116971932
221905903
806372664
657876297
329923011
593121710
631197053
954943218
54846491
602723464
176740889
856500488
182214628
946780053
73763516
35853327
976653437
883842839
507753805
889220069
451784954
394517469
695616899
142502841
387080584
446897098
656347883
869781009
430895864
587452978
455881021
543300422
720206824
640148900
768170424
861927757
835957557
726741495
525006932
446155308
496283463
257589561
960381813
639670848
321116315
837915325
329534702
763771200
318860826
211046261
250211378
923370838
566974564
91457709
173812823
38538840
830856750
752974278
431680613
345744713
844311578
181972832
616035439
911877054
242424045
639349233
130619431
562859327
678188537
943385240
679963493
345279436
86589371
944563661
837146528
879194196
852383420
36452164
978746731
750007730
482255936
584037514
766085711
50138455
598277188
236413446
720827432
629617046
398029330
55993604
657486140
92322948
565206405
32900480
17397238
409953910
271407591
835090291
332872920
300776786
471074673
192984231
590493065
286130364
644905338
271700838
443039704
744734200
545084909
38188246
605458604
218801804
633429983
446346805
712495504
745821478
281016319
375105325
50280097
493629593
431987567
402350128
175248411
419690945
22122031
349167304
411633260
282006697
732758305
50932639
445715314
187534016
386641228
551425654
936256318
834044929
880283060
61682720
666365120
957878017
546162951
540513032
268002537
648185308
990921900
361689688
507087769
357071654
228954869
708670196
111633218
973226565
919557659
430473034
31165046
185466508
335013138
30071183
484463497
450035853
765564922
303909310
956551643
850763157
683094381
64301479
29248955
187088254
79118016
792082917
285467467
360933197
113969596
173291992
458380981
33303778
470211571
580346096
355465356
892123172
397970917
242831856
891022193
93515930
317679111
238592831
325659390
239297143
971133450
762868448
430721907
574247873
945672136
173534466
181706964
862757829
425203875
310682417
566404767
999379465
904822841
882248734
569658430
260415685
732857845
885524028
834376813
938953472
785416632
767550849
649746518
672024526
459475105
871536264
427843083
473143648
700684142
479653930
321386535
883136147
898231393
692750492
67604723
342700126
775360134
673680553
554184685
715549074
46868399
25134359
464807882
965281627
128387672
545829761
204580335
160315427
576689888
