#L=30
                  p	          Mean size	              P inf	              P span
 0.00111111111111111	                   1	                   0	                   0	                   1	                   1
 0.00222222222222222	               1.004	                   0	                   0
 0.00333333333333333	                   1	                   0	                   0
 0.00444444444444444	                   1	                   0	                   0
 0.00555555555555556	                   1	                   0	                   0
 0.00666666666666667	                   1	                   0	                   0
 0.00777777777777778	                   1	                   0	                   0
 0.00888888888888889	                   1	                   0	                   0
                0.01	                   1	                   0	                   0
  0.0111111111111111	                   1	                   0	                   0
  0.0122222222222222	                   1	                   0	                   0
  0.0133333333333333	                   1	                   0	                   0
  0.0144444444444444	                   1	                   0	                   0
  0.0155555555555556	                   1	                   0	                   0
  0.0166666666666667	                   1	                   0	                   0
  0.0177777777777778	                   1	                   0	                   0
  0.0188888888888889	                   1	                   0	                   0
                0.02	                   1	                   0	                   0
  0.0211111111111111	                   1	                   0	                   0
  0.0222222222222222	                   1	                   0	                   0
  0.0233333333333333	               1.001	                   0	                   0
  0.0244444444444444	               1.001	                   0	                   0
  0.0255555555555556	               1.001	                   0	                   0
  0.0266666666666667	               1.001	                   0	                   0
  0.0277777777777778	               1.001	                   0	                   0
  0.0288888888888889	               1.001	                   0	                   0
                0.03	               1.001	                   0	                   0
  0.0311111111111111	               1.001	                   0	                   0
  0.0322222222222222	               1.001	                   0	                   0
  0.0333333333333333	               1.001	                   0	                   0
  0.0344444444444444	               1.001	                   0	                   0
  0.0355555555555556	               1.001	                   0	                   0
  0.0366666666666667	               1.001	                   0	                   0
  0.0377777777777778	               1.001	                   0	                   0
  0.0388888888888889	               1.001	                   0	                   0
                0.04	               1.001	                   0	                   0
  0.0411111111111111	               1.001	                   0	                   0
  0.0422222222222222	               1.001	                   0	                   0
  0.0433333333333333	               1.001	                   0	                   0
  0.0444444444444444	               1.001	                   0	                   0
  0.0455555555555556	               1.001	                   0	                   0
  0.0466666666666667	               1.001	                   0	                   0
  0.0477777777777778	               1.001	                   0	                   0
  0.0488888888888889	               1.001	                   0	                   0
                0.05	               1.001	                   0	                   0
  0.0511111111111111	               1.001	                   0	                   0
  0.0522222222222222	               1.001	                   0	                   0
  0.0533333333333333	               1.001	                   0	                   0
  0.0544444444444444	               1.001	                   0	                   0
  0.0555555555555556	               1.001	                   0	                   0
  0.0566666666666667	               1.001	                   0	                   0
  0.0577777777777778	               1.001	                   0	                   0
  0.0588888888888889	               1.001	                   0	                   0
                0.06	               1.001	                   0	                   0
  0.0611111111111111	               1.001	                   0	                   0
  0.0622222222222222	               1.001	                   0	                   0
  0.0633333333333333	                   1	                   0	                   0
  0.0644444444444444	               1.001	                   0	                   0
  0.0655555555555556	               1.001	                   0	                   0
  0.0666666666666667	               1.001	                   0	                   0
  0.0677777777777778	               1.001	                   0	                   0
  0.0688888888888889	               1.001	                   0	                   0
                0.07	                   1	                   0	                   0
  0.0711111111111111	                   1	                   0	                   0
  0.0722222222222222	                   1	                   0	                   0
  0.0733333333333333	                   1	                   0	                   0
  0.0744444444444444	               1.001	                   0	                   0
  0.0755555555555556	               1.001	                   0	                   0
  0.0766666666666667	                   1	                   0	                   0
  0.0777777777777778	               1.001	                   0	                   0
  0.0788888888888889	               1.001	                   0	                   0
                0.08	               1.001	                   0	                   0
  0.0811111111111111	               1.001	                   0	                   0
  0.0822222222222222	               1.001	                   0	                   0
  0.0833333333333333	               1.001	                   0	                   0
  0.0844444444444444	               1.002	                   0	                   0
  0.0855555555555556	               1.002	                   0	                   0
  0.0866666666666667	               1.002	                   0	                   0
  0.0877777777777778	               1.002	                   0	                   0
  0.0888888888888889	               1.003	                   0	                   0
                0.09	               1.006	                   0	                   0
  0.0911111111111111	               1.006	                   0	                   0
  0.0922222222222222	               1.008	                   0	                   0
  0.0933333333333333	               1.008	                   0	                   0
  0.0944444444444444	               1.007	                   0	                   0
  0.0955555555555556	               1.008	                   0	                   0
  0.0966666666666667	               1.008	                   0	                   0
  0.0977777777777778	                1.01	                   0	                   0
  0.0988888888888889	               1.009	                   0	                   0
                 0.1	               1.011	                   0	                   0
   0.101111111111111	               1.012	                   0	                   0
   0.102222222222222	               1.014	                   0	                   0
   0.103333333333333	               1.011	                   0	                   0
   0.104444444444444	               1.011	                   0	                   0
   0.105555555555556	               1.011	                   0	                   0
   0.106666666666667	               1.013	                   0	                   0
   0.107777777777778	               1.018	                   0	                   0
   0.108888888888889	               1.023	                   0	                   0
                0.11	               1.021	                   0	                   0
   0.111111111111111	               1.024	                   0	                   0
   0.112222222222222	               1.022	                   0	                   0
   0.113333333333333	               1.025	                   0	                   0
   0.114444444444444	               1.029	                   0	                   0
   0.115555555555556	               1.034	                   0	                   0
   0.116666666666667	               1.036	                   0	                   0
   0.117777777777778	               1.045	                   0	                   0
   0.118888888888889	               1.046	                   0	                   0
                0.12	               1.055	                   0	                   0
   0.121111111111111	               1.056	                   0	                   0
   0.122222222222222	               1.061	                   0	                   0
   0.123333333333333	               1.065	                   0	                   0
   0.124444444444444	               1.076	                   0	                   0
   0.125555555555556	                1.08	                   0	                   0
   0.126666666666667	               1.092	                   0	                   0
   0.127777777777778	               1.094	                   0	                   0
   0.128888888888889	               1.106	                   0	                   0
                0.13	               1.106	                   0	                   0
   0.131111111111111	               1.121	                   0	                   0
   0.132222222222222	               1.122	                   0	                   0
   0.133333333333333	               1.135	                   0	                   0
   0.134444444444444	               1.141	                   0	                   0
   0.135555555555556	               1.163	                   0	                   0
   0.136666666666667	               1.174	                   0	                   0
   0.137777777777778	               1.192	                   0	                   0
   0.138888888888889	               1.196	                   0	                   0
                0.14	               1.224	                   0	                   0
   0.141111111111111	               1.221	                   0	                   0
   0.142222222222222	                1.24	                   0	                   0
   0.143333333333333	                1.25	                   0	                   0
   0.144444444444444	               1.271	                   0	                   0
   0.145555555555556	               1.275	                   0	                   0
   0.146666666666667	               1.299	                   0	                   0
   0.147777777777778	                 1.3	                   0	                   0
   0.148888888888889	                1.32	                   0	                   0
                0.15	                1.33	                   0	                   0
   0.151111111111111	               1.365	                   0	                   0
   0.152222222222222	                1.36	                   0	                   0
   0.153333333333333	               1.394	                   0	                   0
   0.154444444444444	               1.402	                   0	                   0
   0.155555555555556	               1.425	                   0	                   0
   0.156666666666667	               1.433	                   0	                   0
   0.157777777777778	               1.459	                   0	                   0
   0.158888888888889	               1.469	                   0	                   0
                0.16	               1.503	                   0	                   0
   0.161111111111111	                 1.5	                   0	                   0
   0.162222222222222	               1.535	                   0	                   0
   0.163333333333333	               1.546	                   0	                   0
   0.164444444444444	               1.583	                   0	                   0
   0.165555555555556	               1.598	                   0	                   0
   0.166666666666667	               1.628	                   0	                   0
   0.167777777777778	               1.629	                   0	                   0
   0.168888888888889	               1.668	                   0	                   0
                0.17	               1.676	                   0	                   0
   0.171111111111111	                 1.7	                   0	                   0
   0.172222222222222	                1.71	                   0	                   0
   0.173333333333333	               1.742	                   0	                   0
   0.174444444444444	               1.752	                   0	                   0
   0.175555555555556	               1.777	                   0	                   0
   0.176666666666667	               1.786	                   0	                   0
   0.177777777777778	                1.81	                   0	                   0
   0.178888888888889	               1.812	                   0	                   0
                0.18	               1.839	                   0	                   0
   0.181111111111111	                1.84	                   0	                   0
   0.182222222222222	               1.864	                   0	                   0
   0.183333333333333	               1.876	                   0	                   0
   0.184444444444444	               1.898	                   0	                   0
   0.185555555555556	               1.904	                   0	                   0
   0.186666666666667	               1.921	                   0	                   0
   0.187777777777778	               1.933	                   0	                   0
   0.188888888888889	               1.956	                   0	                   0
                0.19	               1.966	                   0	                   0
   0.191111111111111	               1.979	                   0	                   0
   0.192222222222222	               1.993	                   0	                   0
   0.193333333333333	               2.004	                   0	                   0
   0.194444444444444	                2.01	                   0	                   0
   0.195555555555556	               2.019	                   0	                   0
   0.196666666666667	                2.03	                   0	                   0
   0.197777777777778	               2.045	                   0	                   0
   0.198888888888889	               2.055	                   0	                   0
                 0.2	               2.062	                   0	                   0
   0.201111111111111	               2.074	                   0	                   0
   0.202222222222222	               2.092	                   0	                   0
   0.203333333333333	               2.102	                   0	                   0
   0.204444444444444	               2.114	                   0	                   0
   0.205555555555556	               2.121	                   0	                   0
   0.206666666666667	               2.122	                   0	                   0
   0.207777777777778	               2.133	                   0	                   0
   0.208888888888889	                2.15	                   0	                   0
                0.21	               2.158	                   0	                   0
   0.211111111111111	               2.168	                   0	                   0
   0.212222222222222	               2.178	                   0	                   0
   0.213333333333333	               2.189	                   0	                   0
   0.214444444444444	               2.199	                   0	                   0
   0.215555555555556	               2.208	                   0	                   0
   0.216666666666667	               2.223	                   0	                   0
   0.217777777777778	               2.233	                   0	                   0
   0.218888888888889	               2.242	                   0	                   0
                0.22	               2.256	                   0	                   0
   0.221111111111111	               2.277	                   0	                   0
   0.222222222222222	               2.289	                   0	                   0
   0.223333333333333	               2.298	                   0	                   0
   0.224444444444444	               2.313	                   0	                   0
   0.225555555555556	               2.331	                   0	                   0
   0.226666666666667	               2.354	                   0	                   0
   0.227777777777778	               2.369	                   0	                   0
   0.228888888888889	               2.393	                   0	                   0
                0.23	               2.407	                   0	                   0
   0.231111111111111	               2.417	                   0	                   0
   0.232222222222222	               2.436	                   0	                   0
   0.233333333333333	               2.455	                   0	                   0
   0.234444444444444	               2.475	                   0	                   0
   0.235555555555556	               2.498	                   0	                   0
   0.236666666666667	               2.518	                   0	                   0
   0.237777777777778	                2.54	                   0	                   0
   0.238888888888889	                2.57	                   0	                   0
                0.24	               2.597	                   0	                   0
   0.241111111111111	               2.624	                   0	                   0
   0.242222222222222	               2.647	                   0	                   0
   0.243333333333333	               2.673	                   0	                   0
   0.244444444444444	               2.698	                   0	                   0
   0.245555555555556	               2.719	                   0	                   0
   0.246666666666667	               2.741	                   0	                   0
   0.247777777777778	               2.774	                   0	                   0
   0.248888888888889	               2.795	                   0	                   0
                0.25	               2.824	                   0	                   0
   0.251111111111111	               2.851	                   0	                   0
   0.252222222222222	                2.88	                   0	                   0
   0.253333333333333	               2.907	                   0	                   0
   0.254444444444444	               2.922	                   0	                   0
   0.255555555555556	               2.957	                   0	                   0
   0.256666666666667	                2.98	                   0	                   0
   0.257777777777778	               3.015	                   0	                   0
   0.258888888888889	               3.033	                   0	                   0
                0.26	               3.063	                   0	                   0
   0.261111111111111	               3.095	                   0	                   0
   0.262222222222222	               3.123	                   0	                   0
   0.263333333333333	               3.144	                   0	                   0
   0.264444444444444	               3.171	                   0	                   0
   0.265555555555556	               3.203	                   0	                   0
   0.266666666666667	               3.229	                   0	                   0
   0.267777777777778	               3.253	                   0	                   0
   0.268888888888889	               3.282	                   0	                   0
                0.27	                 3.3	                   0	                   0
   0.271111111111111	               3.324	                   0	                   0
   0.272222222222222	               3.353	                   0	                   0
   0.273333333333333	               3.372	                   0	                   0
   0.274444444444444	               3.404	                   0	                   0
   0.275555555555556	               3.427	                   0	                   0
   0.276666666666667	               3.452	                   0	                   0
   0.277777777777778	               3.476	                   0	                   0
   0.278888888888889	               3.504	                   0	                   0
                0.28	               3.539	                   0	                   0
   0.281111111111111	               3.563	                   0	                   0
   0.282222222222222	               3.601	                   0	                   0
   0.283333333333333	                3.62	                   0	                   0
   0.284444444444444	               3.643	                   0	                   0
   0.285555555555556	               3.667	                   0	                   0
   0.286666666666667	               3.696	                   0	                   0
   0.287777777777778	               3.726	                   0	                   0
   0.288888888888889	               3.764	                   0	                   0
                0.29	               3.785	                   0	                   0
   0.291111111111111	               3.819	                   0	                   0
   0.292222222222222	               3.847	                   0	                   0
   0.293333333333333	               3.881	                   0	                   0
   0.294444444444444	               3.915	                   0	                   0
   0.295555555555556	               3.955	                   0	                   0
   0.296666666666667	               3.994	                   0	                   0
   0.297777777777778	               4.025	                   0	                   0
   0.298888888888889	               4.055	                   0	                   0
                 0.3	               4.084	                   0	                   0
   0.301111111111111	               4.116	                   0	                   0
   0.302222222222222	               4.145	                   0	                   0
   0.303333333333333	               4.161	                   0	                   0
   0.304444444444444	                4.19	                   0	                   0
   0.305555555555556	               4.231	                   0	                   0
   0.306666666666667	               4.271	                   0	                   0
   0.307777777777778	               4.316	                   0	                   0
   0.308888888888889	               4.358	                   0	                   0
                0.31	               4.388	                   0	                   0
   0.311111111111111	               4.431	                   0	                   0
   0.312222222222222	               4.465	                   0	                   0
   0.313333333333333	               4.503	                   0	                   0
   0.314444444444444	               4.538	                   0	                   0
   0.315555555555556	               4.582	                   0	                   0
   0.316666666666667	               4.627	                   0	                   0
   0.317777777777778	               4.673	                   0	                   0
   0.318888888888889	               4.718	                   0	                   0
                0.32	               4.763	                   0	                   0
   0.321111111111111	                 4.8	                   0	                   0
   0.322222222222222	               4.841	                   0	                   0
   0.323333333333333	               4.887	                   0	                   0
   0.324444444444444	               4.927	                   0	                   0
   0.325555555555556	               4.965	                   0	                   0
   0.326666666666667	               5.004	                   0	                   0
   0.327777777777778	               5.059	                   0	                   0
   0.328888888888889	               5.102	                   0	                   0
                0.33	               5.152	                   0	                   0
   0.331111111111111	               5.204	                   0	                   0
   0.332222222222222	               5.251	                   0	                   0
   0.333333333333333	                 5.3	                   0	                   0
   0.334444444444444	               5.336	                   0	                   0
   0.335555555555556	               5.388	                   0	                   0
   0.336666666666667	               5.422	                   0	                   0
   0.337777777777778	               5.471	                   0	                   0
   0.338888888888889	               5.532	                   0	                   0
                0.34	               5.591	                   0	                   0
   0.341111111111111	               5.639	                   0	                   0
   0.342222222222222	               5.699	                   0	                   0
   0.343333333333333	               5.749	                   0	                   0
   0.344444444444444	               5.801	                   0	                   0
   0.345555555555556	               5.864	                   0	                   0
   0.346666666666667	               5.912	                   0	                   0
   0.347777777777778	               5.963	                   0	                   0
   0.348888888888889	               6.031	                   0	                   0
                0.35	               6.086	                   0	                   0
   0.351111111111111	               6.158	                   0	                   0
   0.352222222222222	               6.232	                   0	                   0
   0.353333333333333	                6.29	                   0	                   0
   0.354444444444444	               6.335	                   0	                   0
   0.355555555555556	               6.393	                   0	                   0
   0.356666666666667	               6.463	                   0	                   0
   0.357777777777778	                6.53	                   0	                   0
   0.358888888888889	               6.591	                   0	                   0
                0.36	               6.658	                   0	                   0
   0.361111111111111	               6.715	                   0	                   0
   0.362222222222222	               6.794	                   0	                   0
   0.363333333333333	               6.857	                   0	                   0
   0.364444444444444	               6.924	                   0	                   0
   0.365555555555556	               6.991	                   0	                   0
   0.366666666666667	               7.063	                   0	                   0
   0.367777777777778	               7.127	                   0	                   0
   0.368888888888889	               7.195	                   0	                   0
                0.37	               7.257	                   0	                   0
   0.371111111111111	               7.335	                   0	                   0
   0.372222222222222	               7.412	                   0	                   0
   0.373333333333333	               7.479	                   0	                   0
   0.374444444444444	               7.566	                   0	                   0
   0.375555555555556	               7.637	                   0	                   0
   0.376666666666667	               7.718	                   0	                   0
   0.377777777777778	               7.811	                   0	                   0
   0.378888888888889	               7.879	                   0	                   0
                0.38	               7.989	                   0	                   0
   0.381111111111111	               8.062	                   0	                   0
   0.382222222222222	               8.157	                   0	                   0
   0.383333333333333	               8.241	                   0	                   0
   0.384444444444444	               8.347	                   0	                   0
   0.385555555555556	               8.444	                   0	                   0
   0.386666666666667	               8.535	                   0	                   0
   0.387777777777778	                8.62	                   0	                   0
   0.388888888888889	               8.707	                   0	                   0
                0.39	               8.798	                   0	                   0
   0.391111111111111	                 8.9	                   0	                   0
   0.392222222222222	               9.011	                   0	                   0
   0.393333333333333	               9.092	                   0	                   0
   0.394444444444444	               9.196	                   0	                   0
   0.395555555555556	               9.281	                   0	                   0
   0.396666666666667	               9.378	                   0	                   0
   0.397777777777778	               9.479	                   0	                   0
   0.398888888888889	               9.597	                   0	                   0
                 0.4	               9.699	                   0	                   0
   0.401111111111111	               9.798	                   0	                   0
   0.402222222222222	               9.919	                   0	                   0
   0.403333333333333	              10.032	                   0	                   0
   0.404444444444444	              10.152	                   0	                   0
   0.405555555555556	              10.265	                   0	                   0
   0.406666666666667	              10.382	                   0	                   0
   0.407777777777778	              10.502	                   0	                   0
   0.408888888888889	               10.64	                   0	                   0
                0.41	              10.744	                   0	                   0
   0.411111111111111	              10.891	                   0	                   0
   0.412222222222222	              11.043	                   0	                   0
   0.413333333333333	              11.158	                   0	                   0
   0.414444444444444	              11.258	                   0	                   0
   0.415555555555556	              11.384	                   0	                   0
   0.416666666666667	              11.555	                   0	                   0
   0.417777777777778	              11.707	                   0	                   0
   0.418888888888889	              11.823	                   0	                   0
                0.42	              11.957	                   0	                   0
   0.421111111111111	              12.114	                   0	                   0
   0.422222222222222	              12.248	                   0	                   0
   0.423333333333333	              12.388	                   0	                   0
   0.424444444444444	              12.537	                   0	                   0
   0.425555555555556	              12.673	                   0	                   0
   0.426666666666667	              12.823	                   0	                   0
   0.427777777777778	              12.967	                   0	                   0
   0.428888888888889	              13.131	                   0	                   0
                0.43	              13.271	                   0	                   0
   0.431111111111111	              13.426	                   0	                   0
   0.432222222222222	              13.626	                   0	                   0
   0.433333333333333	              13.782	                   0	                   0
   0.434444444444444	              13.961	                   0	                   0
   0.435555555555556	               14.14	                   0	                   0
   0.436666666666667	              14.353	                   0	                   0
   0.437777777777778	              14.538	                   0	                   0
   0.438888888888889	              14.729	                   0	                   0
                0.44	              14.913	                   0	                   0
   0.441111111111111	              15.103	                   0	                   0
   0.442222222222222	              15.278	                   0	                   0
   0.443333333333333	              15.515	                   0	                   0
   0.444444444444444	              15.678	                   0	                   0
   0.445555555555556	              15.884	                   0	                   0
   0.446666666666667	              16.114	                   0	                   0
   0.447777777777778	              16.343	                   0	                   0
   0.448888888888889	              16.566	                   0	                   0
                0.45	              16.771	 0.00022716049382716	               0.001
   0.451111111111111	              16.999	0.000226600985221675	               0.001
   0.452222222222222	              17.248	0.000226044226044226	               0.001
   0.453333333333333	               17.47	0.000225490196078431	               0.001
   0.454444444444444	              17.699	0.000224938875305623	               0.001
   0.455555555555556	              17.933	0.000224390243902439	               0.001
   0.456666666666667	              18.213	 0.00024330900243309	               0.001
   0.457777777777778	              18.513	0.000242718446601942	               0.001
   0.458888888888889	              18.775	0.000242130750605327	               0.001
                0.46	              19.077	0.000241545893719807	               0.001
   0.461111111111111	              19.299	0.000240963855421687	               0.001
   0.462222222222222	              19.543	0.000240384615384615	               0.001
   0.463333333333333	              19.804	0.000239808153477218	               0.001
   0.464444444444444	               20.07	0.000239234449760766	               0.001
   0.465555555555556	              20.327	0.000241050119331742	               0.001
   0.466666666666667	              20.609	0.000280952380952381	               0.001
   0.467777777777778	              20.901	0.000282660332541568	               0.001
   0.468888888888889	              21.165	0.000291469194312796	               0.001
                0.47	              21.485	0.000290780141843972	               0.001
   0.471111111111111	               21.82	0.000292452830188679	               0.001
   0.472222222222222	              22.169	0.000291764705882353	               0.001
   0.473333333333333	              22.557	0.000300469483568075	               0.001
   0.474444444444444	              22.931	0.000302107728337237	               0.001
   0.475555555555556	              23.262	0.000301401869158879	               0.001
   0.476666666666667	              23.746	0.000300699300699301	               0.001
   0.477777777777778	              24.184	              0.0003	               0.001
   0.478888888888889	              24.562	0.000549883990719258	               0.002
                0.48	              24.879	0.000548611111111111	               0.002
   0.481111111111111	              25.157	0.000547344110854503	               0.002
   0.482222222222222	               25.59	0.000546082949308756	               0.002
   0.483333333333333	              25.965	0.000547126436781609	               0.002
   0.484444444444444	              26.315	 0.00055045871559633	               0.002
   0.485555555555556	              26.744	0.000553775743707094	               0.002
   0.486666666666667	              27.241	0.000812785388127854	               0.003
   0.487777777777778	              27.816	0.000813211845102506	               0.003
   0.488888888888889	              28.272	 0.00110454545454545	               0.004
                0.49	              28.671	 0.00110430839002268	               0.004
   0.491111111111111	              29.135	 0.00110633484162896	               0.004
   0.492222222222222	              29.661	 0.00111738148984199	               0.004
   0.493333333333333	              30.147	 0.00111711711711712	               0.004
   0.494444444444444	              30.688	 0.00111685393258427	               0.004
   0.495555555555556	              31.192	 0.00111434977578475	               0.004
   0.496666666666667	              31.721	 0.00113646532438479	               0.004
   0.497777777777778	              32.294	 0.00113839285714286	               0.004
   0.498888888888889	              32.757	 0.00161692650334076	               0.005
                 0.5	              33.135	             0.00244	               0.007
   0.501111111111111	              33.795	  0.0025410199556541	               0.007
   0.502222222222222	              34.296	 0.00301106194690266	               0.008
   0.503333333333333	               34.83	 0.00386975717439294	                0.01
   0.504444444444444	              35.403	 0.00402863436123348	                0.01
   0.505555555555556	              36.088	 0.00463516483516484	               0.011
   0.506666666666667	              36.616	 0.00468201754385965	               0.011
   0.507777777777778	              37.381	 0.00542231947483589	               0.013
   0.508888888888889	              38.103	 0.00581222707423581	               0.014
                0.51	              38.607	 0.00632461873638344	               0.015
   0.511111111111111	              39.375	             0.00705	               0.017
   0.512222222222222	              40.007	 0.00813665943600868	               0.019
   0.513333333333333	              40.784	 0.00857575757575758	                0.02
   0.514444444444444	              41.457	 0.00858099352051836	                0.02
   0.515555555555556	              42.065	            0.008625	                0.02
   0.516666666666667	               42.66	 0.00904301075268817	               0.021
   0.517777777777778	              43.293	  0.0101394849785408	               0.024
   0.518888888888889	              43.973	  0.0107002141327623	               0.025
                0.52	              44.696	  0.0118119658119658	               0.027
   0.521111111111111	               45.34	   0.012501066098081	               0.028
   0.522222222222222	               45.94	  0.0141276595744681	               0.032
   0.523333333333333	              46.629	  0.0145031847133758	               0.033
   0.524444444444444	              47.393	   0.014853813559322	               0.034
   0.525555555555556	               48.03	  0.0167103594080338	               0.039
   0.526666666666667	              48.934	   0.017753164556962	               0.042
   0.527777777777778	              49.739	  0.0189957894736842	               0.045
   0.528888888888889	               50.69	  0.0200063025210084	               0.047
                0.53	              51.473	  0.0216289308176101	               0.051
   0.531111111111111	              52.285	  0.0234832635983264	               0.055
   0.532222222222222	              53.068	  0.0253528183716075	               0.059
   0.533333333333333	              53.982	  0.0268291666666667	               0.063
   0.534444444444444	              54.842	   0.029031185031185	               0.068
   0.535555555555556	              55.889	  0.0307717842323651	               0.071
   0.536666666666667	              56.627	  0.0326273291925466	               0.074
   0.537777777777778	              57.617	   0.034099173553719	               0.077
   0.538888888888889	              58.741	  0.0352268041237113	               0.079
                0.54	              59.793	  0.0354670781893004	               0.079
   0.541111111111111	              60.898	  0.0380965092402464	               0.084
   0.542222222222222	              61.892	   0.040452868852459	               0.088
   0.543333333333333	              62.853	  0.0421411042944785	               0.091
   0.544444444444444	              63.557	              0.0441	               0.094
   0.545555555555556	              64.465	  0.0458615071283096	               0.097
   0.546666666666667	              64.906	  0.0501951219512195	               0.105
   0.547777777777778	              65.893	  0.0521805273833672	               0.109
   0.548888888888889	              66.825	  0.0550485829959514	               0.114
                0.55	              67.405	   0.058159595959596	               0.118
   0.551111111111111	               67.98	  0.0642459677419355	               0.129
   0.552222222222222	              69.316	  0.0663561368209256	               0.132
   0.553333333333333	              70.762	  0.0689457831325301	               0.138
   0.554444444444444	              72.293	  0.0724428857715431	               0.145
   0.555555555555556	              73.261	             0.07682	               0.153
   0.556666666666667	              74.106	  0.0812574850299401	                0.16
   0.557777777777778	              74.794	  0.0858824701195219	               0.169
   0.558888888888889	              75.634	   0.090272365805169	               0.177
                0.56	              76.084	   0.097468253968254	                0.19
   0.561111111111111	              76.784	   0.101714851485149	               0.197
   0.562222222222222	              77.055	   0.109436758893281	               0.212
   0.563333333333333	              77.713	   0.114570019723866	               0.219
   0.564444444444444	              78.684	   0.118242125984252	               0.224
   0.565555555555556	              79.586	   0.124697445972495	               0.235
   0.566666666666667	              80.286	   0.130621568627451	               0.245
   0.567777777777778	                  80	   0.139166340508806	               0.258
   0.568888888888889	              80.733	      0.145599609375	               0.268
                0.57	              80.974	   0.152668615984405	               0.278
   0.571111111111111	               81.49	   0.158966926070039	               0.288
   0.572222222222222	              82.348	   0.163996116504854	               0.295
   0.573333333333333	              82.553	   0.173821705426357	               0.311
   0.574444444444444	              83.325	   0.180851063829787	               0.319
   0.575555555555556	              83.109	   0.188835907335907	               0.332
   0.576666666666667	              84.181	    0.19371676300578	               0.341
   0.577777777777778	              84.211	   0.204363461538462	               0.356
   0.578888888888889	              84.632	   0.212815738963532	                0.37
                0.58	              84.634	   0.222176245210728	               0.382
   0.581111111111111	              85.123	   0.230994263862333	               0.395
   0.582222222222222	              85.529	   0.238133587786259	               0.406
   0.583333333333333	              86.036	   0.244380952380952	               0.412
   0.584444444444444	              86.513	    0.25109505703422	                0.42
   0.585555555555556	              86.485	   0.260142314990512	               0.432
   0.586666666666667	              87.164	   0.265797348484848	               0.439
   0.587777777777778	              87.061	     0.2755595463138	               0.451
   0.588888888888889	              87.562	    0.28226037735849	               0.458
                0.59	              87.828	   0.290677966101695	               0.468
   0.591111111111111	              88.394	   0.300285714285714	                0.48
   0.592222222222222	               88.22	   0.308699812382739	                0.49
   0.593333333333333	              88.038	   0.319522471910112	               0.504
   0.594444444444444	              87.775	   0.330233644859813	               0.517
   0.595555555555556	              87.148	   0.342914179104478	               0.533
   0.596666666666667	              86.575	   0.353368715083799	               0.546
   0.597777777777778	               86.61	    0.36032156133829	               0.554
   0.598888888888889	              86.489	   0.369929499072356	               0.564
                 0.6	              84.543	   0.385531481481481	               0.583
   0.601111111111111	              84.194	   0.394463955637708	               0.593
   0.602222222222222	              83.733	   0.405372693726937	               0.606
   0.603333333333333	              83.121	   0.414441988950277	               0.616
   0.604444444444444	              81.538	           0.4288125	               0.633
   0.605555555555556	              80.815	   0.440633027522936	               0.645
   0.606666666666667	              79.457	   0.451815018315019	               0.657
   0.607777777777778	              79.358	    0.46135100548446	               0.668
   0.608888888888889	               78.22	   0.473412408759125	               0.681
                0.61	              77.529	   0.483224043715847	               0.688
   0.611111111111111	              76.812	   0.493567272727272	               0.701
   0.612222222222222	              76.508	   0.504404718693285	               0.709
   0.613333333333333	              75.414	   0.513858695652174	               0.719
   0.614444444444444	              73.631	   0.526996383363472	               0.731
   0.615555555555556	              72.518	   0.537129963898917	               0.742
   0.616666666666667	              72.187	   0.545717117117117	                0.75
   0.617777777777778	              70.937	   0.558895683453237	               0.764
   0.618888888888889	               70.39	   0.568113105924596	               0.772
                0.62	              69.336	   0.577118279569893	               0.779
   0.621111111111111	              67.715	   0.588518783542039	               0.789
   0.622222222222222	              65.623	             0.60085	               0.801
   0.623333333333333	              64.653	   0.611477718360071	               0.809
   0.624444444444444	               62.68	   0.624640569395017	                0.82
   0.625555555555556	              61.235	   0.637348134991119	               0.834
   0.626666666666667	              59.307	   0.648074468085105	               0.844
   0.627777777777778	              57.825	   0.658146902654867	               0.851
   0.628888888888889	              57.094	   0.665759717314488	               0.858
                0.63	              55.136	   0.676798941798942	               0.864
   0.631111111111111	              53.545	   0.686945422535211	               0.871
   0.632222222222222	              52.971	   0.694536028119509	               0.877
   0.633333333333333	              51.568	   0.703933333333333	               0.884
   0.634444444444444	              50.589	   0.710733800350262	               0.888
   0.635555555555556	              48.848	   0.721230769230769	               0.896
   0.636666666666667	              47.117	    0.73071902268761	               0.903
   0.637777777777778	              46.426	   0.736756097560976	               0.907
   0.638888888888889	               46.06	   0.742629565217391	                0.91
                0.64	               44.77	   0.750305555555555	               0.912
   0.641111111111111	              44.279	   0.756590987868284	               0.916
   0.642222222222222	               42.82	    0.76414705882353	               0.921
   0.643333333333333	              42.061	   0.769350604490501	               0.923
   0.644444444444444	              41.442	   0.774170689655173	               0.926
   0.645555555555556	              40.419	   0.781834767641996	                0.93
   0.646666666666667	               39.04	   0.789355670103093	               0.936
   0.647777777777778	              38.329	   0.794849056603769	               0.939
   0.648888888888889	              36.671	    0.80195205479452	               0.941
                0.65	              35.663	   0.808235897435896	               0.945
   0.651111111111111	               35.01	   0.813564846416383	               0.948
   0.652222222222222	              33.602	   0.820422487223169	                0.95
   0.653333333333333	              32.785	   0.825522108843537	               0.952
   0.654444444444444	              31.379	   0.832095076400678	               0.957
   0.655555555555556	              30.325	   0.838006779661016	                0.96
   0.656666666666667	              28.954	   0.844159052453469	               0.964
   0.657777777777778	               27.58	   0.850238175675676	               0.968
   0.658888888888889	              26.836	   0.854001686340641	               0.969
                0.66	              26.057	   0.858983164983168	               0.972
   0.661111111111111	              26.674	   0.860608403361343	               0.973
   0.662222222222222	              25.152	   0.866286912751677	               0.975
   0.663333333333333	              23.677	   0.872912897822445	               0.979
   0.664444444444444	              22.386	   0.878102006688962	               0.981
   0.665555555555556	               22.05	   0.881225375626043	               0.982
   0.666666666666667	              21.111	   0.885141666666668	               0.984
   0.667777777777778	              19.815	   0.890004991680532	               0.984
   0.668888888888889	              19.763	   0.891531561461804	               0.984
                0.67	              19.329	   0.894799336650081	               0.986
   0.671111111111111	              19.065	   0.896788079470198	               0.986
   0.672222222222222	              18.404	   0.901284297520662	               0.989
   0.673333333333333	              17.874	   0.904942244224422	                0.99
   0.674444444444444	              17.017	   0.908589785831959	                0.99
   0.675555555555556	               16.68	   0.910486842105261	                0.99
   0.676666666666667	              15.897	   0.913919540229886	               0.991
   0.677777777777778	              15.761	   0.915596721311474	               0.991
   0.678888888888889	              15.543	    0.91749427168576	               0.991
                0.68	              14.551	   0.921457516339868	               0.993
   0.681111111111111	              13.482	   0.926275693311582	               0.997
   0.682222222222222	              12.583	   0.929415309446247	               0.997
   0.683333333333333	              12.178	     0.9317430894309	               0.998
   0.684444444444444	               11.41	   0.934823051948053	               0.999
   0.685555555555556	              10.964	   0.936727714748784	               0.999
   0.686666666666667	              10.673	   0.938156957928802	               0.999
   0.687777777777778	              10.337	   0.940040387722131	               0.999
   0.688888888888889	               9.894	   0.942154838709685	                   1
                0.69	               9.752	   0.943565217391305	                   1
   0.691111111111111	               9.477	   0.945080385852089	                   1
   0.692222222222222	               9.365	   0.946329052969502	                   1
   0.693333333333333	               9.017	            0.948125	                   1
   0.694444444444444	               8.882	           0.9493248	                   1
   0.695555555555556	               8.682	   0.950658146964855	                   1
   0.696666666666667	               8.327	   0.952334928229675	                   1
   0.697777777777778	               8.166	   0.953605095541402	                   1
   0.698888888888889	               7.957	    0.95481081081081	                   1
                 0.7	               7.658	    0.95607619047619	                   1
   0.701111111111111	               7.377	   0.957402535657678	                   1
   0.702222222222222	               7.096	   0.958727848101268	                   1
   0.703333333333333	               6.793	   0.960080568720383	                   1
   0.704444444444444	               6.604	   0.961089905362774	                   1
   0.705555555555556	               6.454	   0.961992125984253	                   1
   0.706666666666667	               6.405	   0.962775157232703	                   1
   0.707777777777778	               6.327	   0.963563579277866	                   1
   0.708888888888889	               6.253	    0.96443260188088	                   1
                0.71	               6.238	   0.965000000000002	                   1
   0.711111111111111	                6.05	        0.9658421875	                   1
   0.712222222222222	               5.911	   0.966705148205929	                   1
   0.713333333333333	               5.702	    0.96766043613707	                   1
   0.714444444444444	                5.68	   0.968130637636083	                   1
   0.715555555555556	               5.592	   0.968816770186336	                   1
   0.716666666666667	               5.533	   0.969378294573645	                   1
   0.717777777777778	               5.214	   0.970489164086687	                   1
   0.718888888888889	               5.179	   0.971057187017003	                   1
                0.72	               5.046	   0.971907407407407	                   1
   0.721111111111111	               4.859	   0.972773497688751	                   1
   0.722222222222222	               4.801	   0.973259999999998	                   1
   0.723333333333333	               4.779	   0.973709677419353	                   1
   0.724444444444444	               4.664	   0.974418711656441	                   1
   0.725555555555556	               4.595	   0.975004594180709	                   1
   0.726666666666667	               4.501	   0.975605504587154	                   1
   0.727777777777778	                4.37	   0.976354198473284	                   1
   0.728888888888889	                4.28	   0.976852134146339	                   1
                0.73	               4.171	   0.977420091324199	                   1
   0.731111111111111	                4.15	   0.977813069908815	                   1
   0.732222222222222	                4.12	   0.978200303490126	                   1
   0.733333333333333	                 4.1	   0.978604545454555	                   1
   0.734444444444444	               4.052	   0.979074130105901	                   1
   0.735555555555556	               3.911	   0.979708459214507	                   1
   0.736666666666667	               3.851	   0.980152337858219	                   1
   0.737777777777778	               3.797	   0.980531626506032	                   1
   0.738888888888889	               3.686	   0.981160902255635	                   1
                0.74	                3.54	   0.981684684684684	                   1
   0.741111111111111	               3.496	   0.982082458770616	                   1
   0.742222222222222	               3.444	   0.982538922155688	                   1
   0.743333333333333	               3.442	   0.982837070254111	                   1
   0.744444444444444	               3.371	   0.983370149253731	                   1
   0.745555555555556	               3.293	   0.983771982116243	                   1
   0.746666666666667	               3.247	   0.984086309523808	                   1
   0.747777777777778	                3.21	   0.984377414561654	                   1
   0.748888888888889	               3.125	   0.984896142433238	                   1
                0.75	               3.059	   0.985251851851851	                   1
   0.751111111111111	               2.973	   0.985732248520714	                   1
   0.752222222222222	               2.911	    0.98609601181684	                   1
   0.753333333333333	                2.87	    0.98645722713864	                   1
   0.754444444444444	               2.779	   0.986882179675993	                   1
   0.755555555555556	               2.767	   0.987191176470596	                   1
   0.756666666666667	               2.727	   0.987478707782663	                   1
   0.757777777777778	               2.686	   0.987785923753673	                   1
   0.758888888888889	               2.641	   0.988052708638348	                   1
                0.76	               2.617	   0.988296783625734	                   1
   0.761111111111111	               2.612	   0.988518248175174	                   1
   0.762222222222222	               2.606	   0.988693877551023	                   1
   0.763333333333333	               2.588	   0.988895196506552	                   1
   0.764444444444444	                2.54	   0.989199127906972	                   1
   0.765555555555556	               2.532	   0.989388969521047	                   1
   0.766666666666667	               2.535	   0.989515942028976	                   1
   0.767777777777778	               2.481	   0.989829232995659	                   1
   0.768888888888889	               2.456	   0.990033236994224	                   1
                0.77	                2.44	   0.990261183261183	                   1
   0.771111111111111	               2.422	   0.990478386167147	                   1
   0.772222222222222	               2.366	   0.990713669064747	                   1
   0.773333333333333	               2.331	   0.990961206896557	                   1
   0.774444444444444	               2.328	   0.991120516499289	                   1
   0.775555555555556	               2.306	   0.991329512893986	                   1
   0.776666666666667	               2.282	   0.991525035765381	                   1
   0.777777777777778	               2.225	   0.991734285714288	                   1
   0.778888888888889	               2.216	   0.991900142653354	                   1
                0.78	               2.173	   0.992105413105414	                   1
   0.781111111111111	               2.148	   0.992257467994311	                   1
   0.782222222222222	               2.093	   0.992488636363634	                   1
   0.783333333333333	               2.076	   0.992629787234048	                   1
   0.784444444444444	               2.058	    0.99278895184137	                   1
   0.785555555555556	               1.987	   0.993035360678932	                   1
   0.786666666666667	               1.962	   0.993193502824856	                   1
   0.787777777777778	               1.938	   0.993373765867418	                   1
   0.788888888888889	               1.932	   0.993522535211267	                   1
                0.79	               1.927	   0.993624472573837	                   1
   0.791111111111111	               1.869	   0.993863764044943	                   1
   0.792222222222222	               1.818	   0.994054698457218	                   1
   0.793333333333333	               1.776	   0.994233893557423	                   1
   0.794444444444444	               1.767	   0.994356643356648	                   1
   0.795555555555556	               1.756	   0.994453910614527	                   1
   0.796666666666667	               1.737	    0.99459972105997	                   1
   0.797777777777778	                1.71	   0.994736768802233	                   1
   0.798888888888889	               1.676	   0.994862308762171	                   1
                 0.8	                1.66	   0.994952777777779	                   1
   0.801111111111111	               1.639	   0.995099861303745	                   1
   0.802222222222222	               1.613	   0.995225761772854	                   1
   0.803333333333333	               1.601	    0.99530567081605	                   1
   0.804444444444444	               1.543	   0.995470994475142	                   1
   0.805555555555556	               1.531	    0.99558068965517	                   1
   0.806666666666667	               1.512	   0.995695592286507	                   1
   0.807777777777778	               1.489	   0.995788170563965	                   1
   0.808888888888889	               1.474	   0.995879120879123	                   1
                0.81	               1.437	   0.996005486968441	                   1
   0.811111111111111	               1.411	   0.996105479452057	                   1
   0.812222222222222	               1.331	   0.996266757865938	                   1
   0.813333333333333	                1.32	   0.996345628415305	                   1
   0.814444444444444	               1.302	   0.996432469304235	                   1
   0.815555555555556	               1.263	   0.996561307901911	                   1
   0.816666666666667	               1.256	    0.99662857142857	                   1
   0.817777777777778	               1.246	    0.99668070652174	                   1
   0.818888888888889	               1.245	    0.99672862957938	                   1
                0.82	               1.231	   0.996821138211385	                   1
   0.821111111111111	                1.22	   0.996912043301763	                   1
   0.822222222222222	               1.214	   0.996974324324327	                   1
   0.823333333333333	               1.171	   0.997083670715252	                   1
   0.824444444444444	               1.154	   0.997146900269548	                   1
   0.825555555555556	                1.14	   0.997205921938089	                   1
   0.826666666666667	               1.138	    0.99726612903226	                   1
   0.827777777777778	               1.133	   0.997310067114097	                   1
   0.828888888888889	               1.122	   0.997375335120649	                   1
                0.83	               1.119	   0.997425702811246	                   1
   0.831111111111111	               1.111	   0.997473262032088	                   1
   0.832222222222222	               1.086	   0.997538050734318	                   1
   0.833333333333333	               1.078	   0.997591999999998	                   1
   0.834444444444444	               1.071	   0.997637816245011	                   1
   0.835555555555556	               1.049	   0.997692819148938	                   1
   0.836666666666667	               1.043	   0.997734395750328	                   1
   0.837777777777778	               0.976	   0.997870026525199	                   1
   0.838888888888889	               0.961	   0.997937748344376	                   1
                0.84	               0.945	   0.997982804232807	                   1
   0.841111111111111	               0.936	   0.998039630118895	                   1
   0.842222222222222	               0.904	   0.998093667546182	                   1
   0.843333333333333	               0.896	   0.998131752305673	                   1
   0.844444444444444	               0.889	   0.998157894736845	                   1
   0.845555555555556	               0.865	   0.998224704336399	                   1
   0.846666666666667	               0.849	   0.998274278215223	                   1
   0.847777777777778	               0.829	   0.998334207077329	                   1
   0.848888888888889	               0.814	   0.998378272251314	                   1
                0.85	               0.802	   0.998415686274514	                   1
   0.851111111111111	               0.795	   0.998450391644902	                   1
   0.852222222222222	               0.782	   0.998486310299865	                   1
   0.853333333333333	               0.761	    0.99854036458333	                   1
   0.854444444444444	               0.754	   0.998565669700906	                   1
   0.855555555555556	               0.747	   0.998588311688317	                   1
   0.856666666666667	               0.726	   0.998632944228271	                   1
   0.857777777777778	               0.711	   0.998669689119162	                   1
   0.858888888888889	               0.703	   0.998693402328592	                   1
                0.86	               0.695	    0.99871834625323	                   1
   0.861111111111111	               0.679	   0.998756129032259	                   1
   0.862222222222222	               0.655	   0.998805412371139	                   1
   0.863333333333333	               0.644	    0.99883526383527	                   1
   0.864444444444444	               0.635	   0.998861182519287	                   1
   0.865555555555556	               0.618	   0.998894736842111	                   1
   0.866666666666667	               0.596	   0.998947435897442	                   1
   0.867777777777778	               0.585	   0.998970550576188	                   1
   0.868888888888889	               0.583	   0.998983375959077	                   1
                0.87	               0.562	   0.999029374201792	                   1
   0.871111111111111	               0.543	   0.999068877551015	                   1
   0.872222222222222	               0.538	   0.999087898089174	                   1
   0.873333333333333	                0.53	    0.99911704834605	                   1
   0.874444444444444	               0.516	   0.999146124523507	                   1
   0.875555555555556	               0.513	   0.999154822335025	                   1
   0.876666666666667	               0.499	   0.999179974651456	                   1
   0.877777777777778	               0.484	   0.999210126582275	                   1
   0.878888888888889	                0.46	   0.999252844500628	                   1
                0.88	                0.45	   0.999270202020205	                   1
   0.881111111111111	               0.443	   0.999287515762924	                   1
   0.882222222222222	               0.439	   0.999299748110825	                   1
   0.883333333333333	               0.426	   0.999328301886797	                   1
   0.884444444444444	               0.415	   0.999345477386938	                   1
   0.885555555555556	               0.404	    0.99936386449184	                   1
   0.886666666666667	               0.394	   0.999384711779452	                   1
   0.887777777777778	               0.384	   0.999400500625787	                   1
   0.888888888888889	               0.369	   0.999427499999995	                   1
                0.89	               0.359	   0.999455680399497	                   1
   0.891111111111111	               0.351	   0.999471321695763	                   1
   0.892222222222222	               0.347	   0.999478206724779	                   1
   0.893333333333333	               0.334	   0.999511194029851	                   1
   0.894444444444444	               0.328	   0.999522981366462	                   1
   0.895555555555556	               0.319	   0.999533498759303	                   1
   0.896666666666667	               0.307	    0.99955266418835	                   1
   0.897777777777778	               0.301	   0.999563118811883	                   1
   0.898888888888889	               0.294	   0.999577255871448	                   1
                 0.9	                0.27	   0.999609876543214	                   1
   0.901111111111111	               0.258	   0.999628853267568	                   1
   0.902222222222222	               0.253	   0.999642857142855	                   1
   0.903333333333333	               0.244	   0.999654366543667	                   1
   0.904444444444444	               0.237	   0.999664619164617	                   1
   0.905555555555556	               0.234	    0.99967239263804	                   1
   0.906666666666667	               0.231	   0.999678921568624	                   1
   0.907777777777778	               0.225	   0.999689106487145	                   1
   0.908888888888889	               0.224	    0.99969682151589	                   1
                0.91	               0.207	   0.999717948717951	                   1
   0.911111111111111	               0.201	   0.999726829268293	                   1
   0.912222222222222	               0.195	   0.999733252131548	                   1
   0.913333333333333	               0.194	   0.999740875912408	                   1
   0.914444444444444	               0.187	   0.999750911300124	                   1
   0.915555555555556	               0.182	   0.999758495145629	                   1
   0.916666666666667	               0.176	   0.999766060606061	                   1
   0.917777777777778	               0.173	   0.999771186440679	                   1
   0.918888888888889	               0.168	   0.999777509068922	                   1
                0.92	               0.159	   0.999789855072466	                   1
   0.921111111111111	               0.153	   0.999798552472858	                   1
   0.922222222222222	               0.149	    0.99980481927711	                   1
   0.923333333333333	               0.145	   0.999813477737667	                   1
   0.924444444444444	               0.141	   0.999819711538463	                   1
   0.925555555555556	               0.132	   0.999831932773108	                   1
   0.926666666666667	               0.128	   0.999840527577939	                   1
   0.927777777777778	               0.116	   0.999855089820361	                   1
   0.928888888888889	               0.112	   0.999861244019139	                   1
                0.93	               0.104	   0.999870967741937	                   1
   0.931111111111111	               0.099	   0.999877088305488	                   1
   0.932222222222222	               0.091	   0.999887961859356	                   1
   0.933333333333333	               0.085	   0.999895238095239	                   1
   0.934444444444444	               0.079	   0.999902497027348	                   1
   0.935555555555556	               0.077	   0.999904988123516	                   1
   0.936666666666667	               0.074	   0.999908659549229	                   1
   0.937777777777778	               0.074	   0.999908767772511	                   1
   0.938888888888889	               0.069	   0.999914792899409	                   1
                0.94	               0.066	   0.999918439716311	                   1
   0.941111111111111	               0.059	   0.999926800472255	                   1
   0.942222222222222	               0.058	   0.999930424528303	                   1
   0.943333333333333	               0.055	   0.999935217903416	                   1
   0.944444444444444	               0.054	   0.999936470588235	                   1
   0.945555555555556	               0.051	   0.999940070505288	                   1
   0.946666666666667	               0.051	    0.99994014084507	                   1
   0.947777777777778	               0.047	     0.9999449003517	                   1
   0.948888888888889	               0.045	   0.999947306791569	                   1
                0.95	               0.045	   0.999947368421053	                   1
   0.951111111111111	               0.043	   0.999949766355141	                   1
   0.952222222222222	               0.041	   0.999952158693116	                   1
   0.953333333333333	               0.038	   0.999955710955711	                   1
   0.954444444444444	               0.034	   0.999960419091968	                   1
   0.955555555555556	               0.033	   0.999961627906977	                   1
   0.956666666666667	               0.033	   0.999961672473868	                   1
   0.957777777777778	               0.032	   0.999962877030162	                   1
   0.958888888888889	               0.029	   0.999966396292004	                   1
                0.96	               0.027	          0.99996875	                   1
   0.961111111111111	               0.024	    0.99997225433526	                   1
   0.962222222222222	               0.019	   0.999978060046189	                   1
   0.963333333333333	               0.015	   0.999982698961938	                   1
   0.964444444444444	               0.013	   0.999985023041475	                   1
   0.965555555555556	               0.013	    0.99998504027618	                   1
   0.966666666666667	               0.012	   0.999986206896552	                   1
   0.967777777777778	               0.012	   0.999986222732492	                   1
   0.968888888888889	               0.012	    0.99998623853211	                   1
                0.97	               0.012	   0.999986254295533	                   1
   0.971111111111111	               0.012	   0.999986270022883	                   1
   0.972222222222222	               0.009	   0.999989714285714	                   1
   0.973333333333333	               0.009	   0.999989726027397	                   1
   0.974444444444444	               0.004	   0.999995438996579	                   1
   0.975555555555556	               0.004	   0.999995444191344	                   1
   0.976666666666667	               0.003	   0.999996587030717	                   1
   0.977777777777778	               0.003	   0.999996590909091	                   1
   0.978888888888889	               0.002	    0.99999772985244	                   1
                0.98	               0.002	   0.999997732426304	                   1
   0.981111111111111	               0.002	   0.999997734994337	                   1
   0.982222222222222	                   0	                   1	                   1
   0.983333333333333	                   0	                   1	                   1
   0.984444444444444	                   0	                   1	                   1
   0.985555555555556	                   0	                   1	                   1
   0.986666666666667	                   0	                   1	                   1
   0.987777777777778	                   0	                   1	                   1
   0.988888888888889	                   0	                   1	                   1
                0.99	                   0	                   1	                   1
   0.991111111111111	                   0	                   1	                   1
   0.992222222222222	                   0	                   1	                   1
   0.993333333333333	                   0	                   1	                   1
   0.994444444444444	                   0	                   1	                   1
   0.995555555555556	                   0	                   1	                   1
   0.996666666666667	                   0	                   1	                   1
   0.997777777777778	                   0	                   1	                   1
   0.998888888888889	                   0	                   1	                   1
                   1	                   0	                   1	                   1
