        p	Mean size	    P inf	    P span
0.00390625	         1	         0	         0	         1	         1
 0.0078125	     1.018	         0	         0
 0.0117188	         1	         0	         0
  0.015625	     1.003	         0	         0
 0.0195312	     1.005	         0	         0
 0.0234375	     1.009	         0	         0
 0.0273438	     1.002	         0	         0
   0.03125	     1.003	         0	         0
 0.0351562	     1.003	         0	         0
 0.0390625	     1.005	         0	         0
 0.0429688	     1.007	         0	         0
  0.046875	     1.009	         0	         0
 0.0507812	     1.005	         0	         0
 0.0546875	     1.012	         0	         0
 0.0585938	     1.005	         0	         0
    0.0625	     1.011	         0	         0
 0.0664062	     1.017	         0	         0
 0.0703125	     1.023	         0	         0
 0.0742188	     1.022	         0	         0
  0.078125	     1.027	         0	         0
 0.0820312	     1.026	         0	         0
 0.0859375	     1.041	         0	         0
 0.0898438	     1.033	         0	         0
   0.09375	     1.044	         0	         0
 0.0976562	     1.047	         0	         0
  0.101562	     1.066	         0	         0
  0.105469	     1.064	         0	         0
  0.109375	     1.091	         0	         0
  0.113281	     1.089	         0	         0
  0.117188	     1.115	         0	         0
  0.121094	     1.114	         0	         0
     0.125	     1.151	         0	         0
  0.128906	     1.149	         0	         0
  0.132812	     1.193	         0	         0
  0.136719	     1.197	         0	         0
  0.140625	     1.234	         0	         0
  0.144531	     1.239	         0	         0
  0.148438	     1.302	         0	         0
  0.152344	     1.316	         0	         0
   0.15625	      1.37	         0	         0
  0.160156	     1.391	         0	         0
  0.164062	     1.461	         0	         0
  0.167969	     1.486	         0	         0
  0.171875	     1.541	         0	         0
  0.175781	     1.555	         0	         0
  0.179688	     1.626	         0	         0
  0.183594	     1.661	         0	         0
    0.1875	      1.74	         0	         0
  0.191406	     1.756	         0	         0
  0.195312	      1.82	         0	         0
  0.199219	     1.881	         0	         0
  0.203125	     1.934	         0	         0
  0.207031	     1.974	         0	         0
  0.210938	     2.037	         0	         0
  0.214844	     2.076	         0	         0
   0.21875	     2.128	         0	         0
  0.222656	     2.166	         0	         0
  0.226562	     2.226	         0	         0
  0.230469	     2.282	         0	         0
  0.234375	     2.352	         0	         0
  0.238281	     2.393	         0	         0
  0.242188	     2.452	         0	         0
  0.246094	     2.495	         0	         0
      0.25	      2.56	         0	         0
  0.253906	     2.625	         0	         0
  0.257812	     2.693	         0	         0
  0.261719	     2.746	         0	         0
  0.265625	     2.827	         0	         0
  0.269531	     2.911	         0	         0
  0.273438	     2.992	         0	         0
  0.277344	      3.09	         0	         0
   0.28125	     3.187	         0	         0
  0.285156	     3.268	         0	         0
  0.289062	      3.35	         0	         0
  0.292969	     3.449	         0	         0
  0.296875	     3.535	         0	         0
  0.300781	     3.634	         0	         0
  0.304688	     3.753	         0	         0
  0.308594	     3.849	         0	         0
    0.3125	      3.95	         0	         0
  0.316406	     4.066	         0	         0
  0.320312	     4.214	         0	         0
  0.324219	     4.338	         0	         0
  0.328125	     4.466	         0	         0
  0.332031	      4.58	         0	         0
  0.335938	     4.731	         0	         0
  0.339844	      4.86	         0	         0
   0.34375	     5.022	         0	         0
  0.347656	     5.147	         0	         0
  0.351562	     5.304	         0	         0
  0.355469	     5.456	         0	         0
  0.359375	     5.642	         0	         0
  0.363281	     5.805	         0	         0
  0.367188	     5.996	         0	         0
  0.371094	     6.208	         0	         0
     0.375	      6.39	         0	         0
  0.378906	     6.625	         0	         0
  0.382812	     6.862	         0	         0
  0.386719	     7.052	         0	         0
  0.390625	      7.29	         0	         0
  0.394531	     7.501	         0	         0
  0.398438	     7.763	         0	         0
  0.402344	      8.05	         0	         0
   0.40625	     8.375	         0	         0
  0.410156	     8.655	0.000333333	     0.001
  0.414062	     8.958	0.000933962	     0.002
  0.417969	     9.317	0.000934579	     0.002
  0.421875	     9.581	0.000935185	     0.002
  0.425781	     9.921	 0.0013578	     0.003
  0.429688	    10.309	0.00142727	     0.003
  0.433594	    10.599	0.00316216	     0.006
    0.4375	    10.949	0.00314286	     0.006
  0.441406	    11.396	0.00316814	     0.006
  0.445312	    11.837	 0.0032193	     0.006
  0.449219	    12.224	0.00436522	     0.008
  0.453125	    12.642	0.00491379	     0.009
  0.457031	    13.078	0.00576068	     0.011
  0.460938	    13.561	0.00631356	     0.012
  0.464844	    14.061	0.00745378	     0.014
   0.46875	    14.568	  0.009825	     0.019
  0.472656	    15.036	 0.0110331	     0.021
  0.476562	    15.631	 0.0116148	     0.022
  0.480469	    16.169	 0.0146179	     0.028
  0.484375	      16.8	 0.0164597	     0.032
  0.488281	    17.439	  0.017592	     0.034
  0.492188	    18.222	 0.0191508	     0.037
  0.496094	    18.817	 0.0229921	     0.043
       0.5	    19.711	 0.0242266	     0.045
  0.503906	    20.349	 0.0293643	     0.054
  0.507812	    20.971	 0.0355231	     0.066
  0.511719	    21.533	 0.0420763	     0.077
  0.515625	    22.216	 0.0470909	     0.086
  0.519531	    22.989	 0.0534662	     0.096
  0.523438	    23.543	 0.0643358	     0.115
  0.527344	    24.482	 0.0706593	     0.125
   0.53125	    25.145	 0.0794412	      0.14
  0.535156	    25.948	 0.0880949	     0.154
  0.539062	    26.678	 0.0973913	     0.168
  0.542969	    27.212	  0.110755	     0.188
  0.546875	    27.757	  0.123993	     0.209
  0.550781	    28.125	  0.139879	     0.231
  0.554688	    28.875	  0.155613	     0.257
  0.558594	    29.333	  0.171671	     0.281
    0.5625	    29.718	  0.189271	     0.305
  0.566406	    30.033	  0.207607	     0.331
  0.570312	    30.386	  0.224089	      0.35
  0.574219	    31.393	  0.234585	     0.363
  0.578125	    31.604	  0.255615	     0.392
  0.582031	    31.732	   0.27555	     0.419
  0.585938	     31.47	  0.299387	      0.45
  0.589844	    31.442	  0.320371	     0.474
   0.59375	    30.848	  0.348605	     0.505
  0.597656	    30.771	   0.37134	     0.528
  0.601562	    30.132	  0.403623	     0.568
  0.605469	     29.38	  0.430613	     0.597
  0.609375	    28.642	  0.457897	     0.628
  0.613281	    27.973	  0.480854	      0.65
  0.617188	    27.193	  0.508449	     0.677
  0.621094	    26.694	  0.532189	       0.7
     0.625	    26.011	  0.558463	     0.727
  0.628906	    25.223	  0.582186	     0.743
  0.632812	      23.8	   0.61334	     0.774
  0.636719	    22.709	   0.63889	     0.794
  0.640625	    21.469	  0.663146	     0.814
  0.644531	    20.581	  0.683964	      0.83
  0.648438	    18.863	  0.715542	     0.857
  0.652344	    18.023	  0.734509	     0.871
   0.65625	    17.238	  0.756167	     0.891
  0.660156	    16.177	  0.774006	     0.901
  0.664062	    15.176	  0.789888	     0.911
  0.667969	    14.329	  0.806409	     0.922
  0.671875	    13.315	  0.823047	     0.931
  0.675781	     11.93	  0.842462	     0.944
  0.679688	    11.154	  0.855063	     0.952
  0.683594	      10.7	  0.864829	     0.955
    0.6875	     9.856	  0.878045	     0.961
  0.691406	     8.881	  0.891254	     0.966
  0.695312	     7.731	  0.905921	     0.976
  0.699219	     7.449	  0.911821	     0.978
  0.703125	     7.198	  0.917028	     0.979
  0.707031	     6.806	  0.922575	      0.98
  0.710938	     6.313	  0.928709	     0.983
  0.714844	     5.589	  0.937945	     0.989
   0.71875	     5.212	  0.942967	     0.991
  0.722656	     4.901	  0.947724	     0.993
  0.726562	     4.509	  0.953591	     0.996
  0.730469	     4.119	  0.958048	     0.997
  0.734375	     4.013	  0.960223	     0.997
  0.738281	     3.786	  0.963312	     0.997
  0.742188	     3.406	  0.967495	     0.998
  0.746094	     3.118	  0.970487	     0.998
      0.75	     2.838	   0.97337	     0.999
  0.753906	      2.68	  0.975264	     0.999
  0.757812	     2.585	  0.977139	     0.999
  0.761719	     2.411	  0.979041	     0.999
  0.765625	     2.317	  0.980439	     0.999
  0.769531	     2.245	  0.981584	     0.999
  0.773438	     2.087	  0.983051	     0.999
  0.777344	     1.916	  0.984814	     0.999
   0.78125	     1.827	   0.98576	     0.999
  0.785156	     1.599	  0.987955	         1
  0.789062	      1.46	  0.989188	         1
  0.792969	      1.39	  0.990015	         1
  0.796875	     1.324	  0.990765	         1
  0.800781	     1.302	  0.991361	         1
  0.804688	     1.217	  0.992155	         1
  0.808594	     1.141	  0.992879	         1
    0.8125	     1.083	  0.993447	         1
  0.816406	     1.009	  0.993971	         1
  0.820312	     0.948	    0.9944	         1
  0.824219	     0.922	  0.994706	         1
  0.828125	     0.777	  0.995566	         1
  0.832031	     0.728	  0.995934	         1
  0.835938	      0.61	  0.996533	         1
  0.839844	     0.573	  0.996828	         1
   0.84375	     0.542	  0.997069	         1
  0.847656	     0.509	  0.997309	         1
  0.851562	     0.477	  0.997518	         1
  0.855469	     0.438	  0.997753	         1
  0.859375	      0.39	  0.998027	         1
  0.863281	     0.346	   0.99829	         1
  0.867188	     0.313	  0.998477	         1
  0.871094	     0.295	  0.998587	         1
     0.875	     0.263	  0.998759	         1
  0.878906	      0.24	   0.99888	         1
  0.882812	      0.22	  0.998982	         1
  0.886719	     0.187	  0.999132	         1
  0.890625	     0.169	  0.999219	         1
  0.894531	     0.149	  0.999332	         1
  0.898438	     0.139	  0.999378	         1
  0.902344	     0.126	  0.999437	         1
   0.90625	     0.117	  0.999478	         1
  0.910156	     0.105	  0.999532	         1
  0.914062	     0.101	   0.99956	         1
  0.917969	     0.087	  0.999621	         1
  0.921875	     0.068	  0.999703	         1
  0.925781	     0.058	  0.999747	         1
  0.929688	     0.049	  0.999794	         1
  0.933594	     0.046	  0.999808	         1
    0.9375	     0.036	   0.99985	         1
  0.941406	     0.031	  0.999871	         1
  0.945312	     0.025	  0.999897	         1
  0.949219	     0.019	  0.999922	         1
  0.953125	     0.015	  0.999939	         1
  0.957031	     0.011	  0.999955	         1
  0.960938	     0.008	  0.999967	         1
  0.964844	     0.007	  0.999972	         1
   0.96875	     0.005	   0.99998	         1
  0.972656	     0.005	   0.99998	         1
  0.976562	     0.004	  0.999984	         1
  0.980469	     0.002	  0.999992	         1
  0.984375	     0.002	  0.999992	         1
  0.988281	     0.001	  0.999996	         1
  0.992188	     0.001	  0.999996	         1
  0.996094	         0	         1	         1
         1	         0	         1	         1
