        p	Mean size	    P inf	    P span
  0.000625	         1	         0	         0	         1	         1
   0.00125	     1.001	         0	         0
  0.001875	         1	         0	         0
    0.0025	         1	         0	         0
  0.003125	         1	         0	         0
   0.00375	         1	         0	         0
  0.004375	         1	         0	         0
     0.005	         1	         0	         0
  0.005625	         1	         0	         0
   0.00625	         1	         0	         0
  0.006875	         1	         0	         0
    0.0075	         1	         0	         0
  0.008125	         1	         0	         0
   0.00875	         1	         0	         0
  0.009375	         1	         0	         0
      0.01	         1	         0	         0
  0.010625	         1	         0	         0
   0.01125	         1	         0	         0
  0.011875	         1	         0	         0
    0.0125	         1	         0	         0
  0.013125	         1	         0	         0
   0.01375	         1	         0	         0
  0.014375	         1	         0	         0
     0.015	         1	         0	         0
  0.015625	         1	         0	         0
   0.01625	         1	         0	         0
  0.016875	         1	         0	         0
    0.0175	         1	         0	         0
  0.018125	         1	         0	         0
   0.01875	         1	         0	         0
  0.019375	         1	         0	         0
      0.02	         1	         0	         0
  0.020625	         1	         0	         0
   0.02125	         1	         0	         0
  0.021875	         1	         0	         0
    0.0225	         1	         0	         0
  0.023125	         1	         0	         0
   0.02375	         1	         0	         0
  0.024375	         1	         0	         0
     0.025	         1	         0	         0
  0.025625	         1	         0	         0
   0.02625	         1	         0	         0
  0.026875	         1	         0	         0
    0.0275	         1	         0	         0
  0.028125	         1	         0	         0
   0.02875	         1	         0	         0
  0.029375	         1	         0	         0
      0.03	         1	         0	         0
  0.030625	         1	         0	         0
   0.03125	         1	         0	         0
  0.031875	         1	         0	         0
    0.0325	         1	         0	         0
  0.033125	         1	         0	         0
   0.03375	         1	         0	         0
  0.034375	         1	         0	         0
     0.035	         1	         0	         0
  0.035625	         1	         0	         0
   0.03625	         1	         0	         0
  0.036875	         1	         0	         0
    0.0375	         1	         0	         0
  0.038125	         1	         0	         0
   0.03875	         1	         0	         0
  0.039375	         1	         0	         0
      0.04	         1	         0	         0
  0.040625	         1	         0	         0
   0.04125	         1	         0	         0
  0.041875	         1	         0	         0
    0.0425	         1	         0	         0
  0.043125	         1	         0	         0
   0.04375	         1	         0	         0
  0.044375	         1	         0	         0
     0.045	         1	         0	         0
  0.045625	         1	         0	         0
   0.04625	         1	         0	         0
  0.046875	         1	         0	         0
    0.0475	         1	         0	         0
  0.048125	         1	         0	         0
   0.04875	         1	         0	         0
  0.049375	         1	         0	         0
      0.05	         1	         0	         0
  0.050625	         1	         0	         0
   0.05125	         1	         0	         0
  0.051875	         1	         0	         0
    0.0525	         1	         0	         0
  0.053125	         1	         0	         0
   0.05375	         1	         0	         0
  0.054375	         1	         0	         0
     0.055	         1	         0	         0
  0.055625	         1	         0	         0
   0.05625	         1	         0	         0
  0.056875	         1	         0	         0
    0.0575	         1	         0	         0
  0.058125	         1	         0	         0
   0.05875	         1	         0	         0
  0.059375	         1	         0	         0
      0.06	         1	         0	         0
  0.060625	         1	         0	         0
   0.06125	         1	         0	         0
  0.061875	         1	         0	         0
    0.0625	         1	         0	         0
  0.063125	         1	         0	         0
   0.06375	         1	         0	         0
  0.064375	         1	         0	         0
     0.065	         1	         0	         0
  0.065625	         1	         0	         0
   0.06625	         1	         0	         0
  0.066875	         1	         0	         0
    0.0675	         1	         0	         0
  0.068125	         1	         0	         0
   0.06875	         1	         0	         0
  0.069375	         1	         0	         0
      0.07	         1	         0	         0
  0.070625	         1	         0	         0
   0.07125	         1	         0	         0
  0.071875	         1	         0	         0
    0.0725	         1	         0	         0
  0.073125	         1	         0	         0
   0.07375	         1	         0	         0
  0.074375	         1	         0	         0
     0.075	         1	         0	         0
  0.075625	         1	         0	         0
   0.07625	         1	         0	         0
  0.076875	         1	         0	         0
    0.0775	         1	         0	         0
  0.078125	         1	         0	         0
   0.07875	         1	         0	         0
  0.079375	         1	         0	         0
      0.08	         1	         0	         0
  0.080625	         1	         0	         0
   0.08125	         1	         0	         0
  0.081875	         1	         0	         0
    0.0825	         1	         0	         0
  0.083125	         1	         0	         0
   0.08375	         1	         0	         0
  0.084375	         1	         0	         0
     0.085	         1	         0	         0
  0.085625	         1	         0	         0
   0.08625	         1	         0	         0
  0.086875	         1	         0	         0
    0.0875	         1	         0	         0
  0.088125	         1	         0	         0
   0.08875	         1	         0	         0
  0.089375	         1	         0	         0
      0.09	         1	         0	         0
  0.090625	         1	         0	         0
   0.09125	         1	         0	         0
  0.091875	         1	         0	         0
    0.0925	         1	         0	         0
  0.093125	         1	         0	         0
   0.09375	         1	         0	         0
  0.094375	         1	         0	         0
     0.095	         1	         0	         0
  0.095625	         1	         0	         0
   0.09625	         1	         0	         0
  0.096875	         1	         0	         0
    0.0975	         1	         0	         0
  0.098125	         1	         0	         0
   0.09875	         1	         0	         0
  0.099375	         1	         0	         0
       0.1	     1.001	         0	         0
  0.100625	     1.001	         0	         0
   0.10125	     1.001	         0	         0
  0.101875	     1.002	         0	         0
    0.1025	     1.002	         0	         0
  0.103125	     1.002	         0	         0
   0.10375	     1.002	         0	         0
  0.104375	     1.002	         0	         0
     0.105	     1.003	         0	         0
  0.105625	     1.003	         0	         0
   0.10625	     1.004	         0	         0
  0.106875	     1.004	         0	         0
    0.1075	     1.004	         0	         0
  0.108125	     1.004	         0	         0
   0.10875	     1.004	         0	         0
  0.109375	     1.005	         0	         0
      0.11	     1.008	         0	         0
  0.110625	     1.006	         0	         0
   0.11125	     1.007	         0	         0
  0.111875	     1.009	         0	         0
    0.1125	      1.01	         0	         0
  0.113125	     1.009	         0	         0
   0.11375	     1.012	         0	         0
  0.114375	     1.011	         0	         0
     0.115	     1.012	         0	         0
  0.115625	     1.012	         0	         0
   0.11625	     1.015	         0	         0
  0.116875	     1.013	         0	         0
    0.1175	     1.016	         0	         0
  0.118125	     1.015	         0	         0
   0.11875	     1.022	         0	         0
  0.119375	      1.02	         0	         0
      0.12	     1.021	         0	         0
  0.120625	      1.02	         0	         0
   0.12125	     1.025	         0	         0
  0.121875	     1.025	         0	         0
    0.1225	     1.025	         0	         0
  0.123125	     1.027	         0	         0
   0.12375	     1.031	         0	         0
  0.124375	      1.03	         0	         0
     0.125	     1.036	         0	         0
  0.125625	     1.036	         0	         0
   0.12625	     1.038	         0	         0
  0.126875	     1.039	         0	         0
    0.1275	     1.046	         0	         0
  0.128125	     1.045	         0	         0
   0.12875	     1.053	         0	         0
  0.129375	     1.055	         0	         0
      0.13	      1.06	         0	         0
  0.130625	      1.06	         0	         0
   0.13125	     1.068	         0	         0
  0.131875	     1.073	         0	         0
    0.1325	     1.081	         0	         0
  0.133125	     1.087	         0	         0
   0.13375	     1.096	         0	         0
  0.134375	       1.1	         0	         0
     0.135	     1.112	         0	         0
  0.135625	     1.111	         0	         0
   0.13625	     1.125	         0	         0
  0.136875	     1.127	         0	         0
    0.1375	     1.138	         0	         0
  0.138125	      1.14	         0	         0
   0.13875	     1.149	         0	         0
  0.139375	     1.153	         0	         0
      0.14	     1.167	         0	         0
  0.140625	      1.17	         0	         0
   0.14125	      1.18	         0	         0
  0.141875	     1.187	         0	         0
    0.1425	     1.209	         0	         0
  0.143125	     1.209	         0	         0
   0.14375	     1.228	         0	         0
  0.144375	     1.226	         0	         0
     0.145	     1.241	         0	         0
  0.145625	     1.251	         0	         0
   0.14625	      1.27	         0	         0
  0.146875	     1.273	         0	         0
    0.1475	     1.293	         0	         0
  0.148125	     1.291	         0	         0
   0.14875	     1.312	         0	         0
  0.149375	     1.317	         0	         0
      0.15	     1.346	         0	         0
  0.150625	     1.351	         0	         0
   0.15125	     1.376	         0	         0
  0.151875	     1.386	         0	         0
    0.1525	     1.402	         0	         0
  0.153125	     1.404	         0	         0
   0.15375	     1.427	         0	         0
  0.154375	     1.431	         0	         0
     0.155	     1.454	         0	         0
  0.155625	     1.459	         0	         0
   0.15625	     1.493	         0	         0
  0.156875	     1.499	         0	         0
    0.1575	     1.523	         0	         0
  0.158125	     1.532	         0	         0
   0.15875	     1.553	         0	         0
  0.159375	      1.56	         0	         0
      0.16	      1.58	         0	         0
  0.160625	     1.583	         0	         0
   0.16125	     1.604	         0	         0
  0.161875	     1.608	         0	         0
    0.1625	     1.624	         0	         0
  0.163125	     1.635	         0	         0
   0.16375	     1.656	         0	         0
  0.164375	     1.664	         0	         0
     0.165	     1.682	         0	         0
  0.165625	     1.688	         0	         0
   0.16625	     1.715	         0	         0
  0.166875	     1.719	         0	         0
    0.1675	      1.74	         0	         0
  0.168125	     1.753	         0	         0
   0.16875	     1.766	         0	         0
  0.169375	     1.774	         0	         0
      0.17	      1.79	         0	         0
  0.170625	     1.791	         0	         0
   0.17125	     1.812	         0	         0
  0.171875	     1.807	         0	         0
    0.1725	     1.824	         0	         0
  0.173125	      1.83	         0	         0
   0.17375	     1.842	         0	         0
  0.174375	     1.846	         0	         0
     0.175	     1.859	         0	         0
  0.175625	     1.857	         0	         0
   0.17625	     1.869	         0	         0
  0.176875	     1.876	         0	         0
    0.1775	     1.886	         0	         0
  0.178125	      1.89	         0	         0
   0.17875	     1.901	         0	         0
  0.179375	     1.908	         0	         0
      0.18	     1.916	         0	         0
  0.180625	     1.921	         0	         0
   0.18125	     1.927	         0	         0
  0.181875	     1.932	         0	         0
    0.1825	     1.942	         0	         0
  0.183125	     1.943	         0	         0
   0.18375	     1.951	         0	         0
  0.184375	     1.959	         0	         0
     0.185	     1.965	         0	         0
  0.185625	     1.966	         0	         0
   0.18625	     1.973	         0	         0
  0.186875	     1.978	         0	         0
    0.1875	     1.984	         0	         0
  0.188125	     1.988	         0	         0
   0.18875	     1.992	         0	         0
  0.189375	     1.992	         0	         0
      0.19	     1.994	         0	         0
  0.190625	     1.995	         0	         0
   0.19125	     1.997	         0	         0
  0.191875	         2	         0	         0
    0.1925	     2.003	         0	         0
  0.193125	     2.005	         0	         0
   0.19375	     2.006	         0	         0
  0.194375	     2.008	         0	         0
     0.195	      2.01	         0	         0
  0.195625	     2.011	         0	         0
   0.19625	     2.019	         0	         0
  0.196875	     2.023	         0	         0
    0.1975	      2.03	         0	         0
  0.198125	     2.035	         0	         0
   0.19875	     2.036	         0	         0
  0.199375	     2.038	         0	         0
       0.2	      2.04	         0	         0
  0.200625	     2.044	         0	         0
   0.20125	     2.046	         0	         0
  0.201875	     2.054	         0	         0
    0.2025	     2.054	         0	         0
  0.203125	     2.057	         0	         0
   0.20375	     2.062	         0	         0
  0.204375	     2.065	         0	         0
     0.205	     2.072	         0	         0
  0.205625	     2.077	         0	         0
   0.20625	     2.077	         0	         0
  0.206875	     2.084	         0	         0
    0.2075	     2.086	         0	         0
  0.208125	     2.093	         0	         0
   0.20875	     2.095	         0	         0
  0.209375	     2.098	         0	         0
      0.21	     2.101	         0	         0
  0.210625	     2.109	         0	         0
   0.21125	     2.118	         0	         0
  0.211875	     2.129	         0	         0
    0.2125	     2.135	         0	         0
  0.213125	     2.138	         0	         0
   0.21375	     2.146	         0	         0
  0.214375	     2.148	         0	         0
     0.215	     2.162	         0	         0
  0.215625	     2.173	         0	         0
   0.21625	     2.183	         0	         0
  0.216875	     2.195	         0	         0
    0.2175	     2.201	         0	         0
  0.218125	     2.209	         0	         0
   0.21875	     2.212	         0	         0
  0.219375	      2.22	         0	         0
      0.22	     2.233	         0	         0
  0.220625	     2.249	         0	         0
   0.22125	      2.26	         0	         0
  0.221875	     2.274	         0	         0
    0.2225	      2.29	         0	         0
  0.223125	     2.301	         0	         0
   0.22375	     2.308	         0	         0
  0.224375	     2.319	         0	         0
     0.225	     2.335	         0	         0
  0.225625	     2.347	         0	         0
   0.22625	     2.357	         0	         0
  0.226875	     2.382	         0	         0
    0.2275	     2.394	         0	         0
  0.228125	     2.407	         0	         0
   0.22875	     2.422	         0	         0
  0.229375	     2.445	         0	         0
      0.23	      2.46	         0	         0
  0.230625	     2.478	         0	         0
   0.23125	     2.489	         0	         0
  0.231875	     2.502	         0	         0
    0.2325	     2.522	         0	         0
  0.233125	     2.544	         0	         0
   0.23375	     2.555	         0	         0
  0.234375	     2.565	         0	         0
     0.235	     2.588	         0	         0
  0.235625	     2.606	         0	         0
   0.23625	     2.623	         0	         0
  0.236875	     2.634	         0	         0
    0.2375	     2.646	         0	         0
  0.238125	     2.664	         0	         0
   0.23875	     2.678	         0	         0
  0.239375	     2.691	         0	         0
      0.24	     2.705	         0	         0
  0.240625	     2.711	         0	         0
   0.24125	      2.72	         0	         0
  0.241875	     2.733	         0	         0
    0.2425	     2.752	         0	         0
  0.243125	     2.774	         0	         0
   0.24375	     2.792	         0	         0
  0.244375	     2.805	         0	         0
     0.245	     2.822	         0	         0
  0.245625	     2.828	         0	         0
   0.24625	     2.846	         0	         0
  0.246875	     2.856	         0	         0
    0.2475	     2.872	         0	         0
  0.248125	     2.875	         0	         0
   0.24875	     2.884	         0	         0
  0.249375	     2.893	         0	         0
      0.25	      2.91	         0	         0
  0.250625	     2.921	         0	         0
   0.25125	     2.934	         0	         0
  0.251875	     2.949	         0	         0
    0.2525	     2.961	         0	         0
  0.253125	     2.968	         0	         0
   0.25375	      2.99	         0	         0
  0.254375	     3.003	         0	         0
     0.255	     3.017	         0	         0
  0.255625	     3.031	         0	         0
   0.25625	     3.042	         0	         0
  0.256875	     3.055	         0	         0
    0.2575	     3.066	         0	         0
  0.258125	     3.069	         0	         0
   0.25875	     3.081	         0	         0
  0.259375	     3.089	         0	         0
      0.26	      3.11	         0	         0
  0.260625	     3.113	         0	         0
   0.26125	     3.121	         0	         0
  0.261875	     3.136	         0	         0
    0.2625	     3.147	         0	         0
  0.263125	     3.157	         0	         0
   0.26375	     3.169	         0	         0
  0.264375	      3.18	         0	         0
     0.265	     3.196	         0	         0
  0.265625	     3.206	         0	         0
   0.26625	     3.221	         0	         0
  0.266875	     3.232	         0	         0
    0.2675	     3.247	         0	         0
  0.268125	     3.259	         0	         0
   0.26875	     3.269	         0	         0
  0.269375	     3.288	         0	         0
      0.27	     3.308	         0	         0
  0.270625	     3.321	         0	         0
   0.27125	     3.332	         0	         0
  0.271875	     3.346	         0	         0
    0.2725	     3.367	         0	         0
  0.273125	     3.378	         0	         0
   0.27375	     3.397	         0	         0
  0.274375	     3.412	         0	         0
     0.275	     3.433	         0	         0
  0.275625	     3.447	         0	         0
   0.27625	      3.47	         0	         0
  0.276875	     3.484	         0	         0
    0.2775	     3.502	         0	         0
  0.278125	     3.523	         0	         0
   0.27875	     3.541	         0	         0
  0.279375	     3.559	         0	         0
      0.28	      3.58	         0	         0
  0.280625	     3.597	         0	         0
   0.28125	      3.62	         0	         0
  0.281875	     3.637	         0	         0
    0.2825	     3.653	         0	         0
  0.283125	     3.675	         0	         0
   0.28375	     3.697	         0	         0
  0.284375	     3.714	         0	         0
     0.285	     3.729	         0	         0
  0.285625	     3.752	         0	         0
   0.28625	     3.768	         0	         0
  0.286875	     3.779	         0	         0
    0.2875	     3.799	         0	         0
  0.288125	     3.815	         0	         0
   0.28875	     3.842	         0	         0
  0.289375	     3.858	         0	         0
      0.29	     3.883	         0	         0
  0.290625	     3.895	         0	         0
   0.29125	     3.924	         0	         0
  0.291875	     3.931	         0	         0
    0.2925	     3.955	         0	         0
  0.293125	     3.968	         0	         0
   0.29375	     3.982	         0	         0
  0.294375	     3.995	         0	         0
     0.295	     4.015	         0	         0
  0.295625	     4.031	         0	         0
   0.29625	     4.055	         0	         0
  0.296875	     4.071	         0	         0
    0.2975	     4.097	         0	         0
  0.298125	      4.11	         0	         0
   0.29875	     4.136	         0	         0
  0.299375	     4.154	         0	         0
       0.3	     4.171	         0	         0
  0.300625	     4.189	         0	         0
   0.30125	     4.209	         0	         0
  0.301875	     4.228	         0	         0
    0.3025	     4.252	         0	         0
  0.303125	     4.279	         0	         0
   0.30375	     4.306	         0	         0
  0.304375	     4.324	         0	         0
     0.305	     4.349	         0	         0
  0.305625	     4.375	         0	         0
   0.30625	     4.396	         0	         0
  0.306875	     4.412	         0	         0
    0.3075	     4.437	         0	         0
  0.308125	     4.453	         0	         0
   0.30875	     4.479	         0	         0
  0.309375	     4.495	         0	         0
      0.31	     4.516	         0	         0
  0.310625	     4.526	         0	         0
   0.31125	     4.547	         0	         0
  0.311875	     4.558	         0	         0
    0.3125	     4.576	         0	         0
  0.313125	     4.593	         0	         0
   0.31375	     4.612	         0	         0
  0.314375	     4.641	         0	         0
     0.315	     4.667	         0	         0
  0.315625	     4.693	         0	         0
   0.31625	     4.718	         0	         0
  0.316875	     4.738	         0	         0
    0.3175	     4.752	         0	         0
  0.318125	     4.779	         0	         0
   0.31875	     4.801	         0	         0
  0.319375	     4.832	         0	         0
      0.32	     4.863	         0	         0
  0.320625	     4.889	         0	         0
   0.32125	     4.923	         0	         0
  0.321875	     4.949	         0	         0
    0.3225	     4.974	         0	         0
  0.323125	     4.999	         0	         0
   0.32375	     5.016	         0	         0
  0.324375	     5.044	         0	         0
     0.325	     5.067	         0	         0
  0.325625	     5.097	         0	         0
   0.32625	     5.127	         0	         0
  0.326875	     5.162	         0	         0
    0.3275	     5.192	         0	         0
  0.328125	     5.215	         0	         0
   0.32875	     5.232	         0	         0
  0.329375	     5.248	         0	         0
      0.33	     5.271	         0	         0
  0.330625	       5.3	         0	         0
   0.33125	     5.321	         0	         0
  0.331875	     5.344	         0	         0
    0.3325	     5.376	         0	         0
  0.333125	     5.407	         0	         0
   0.33375	     5.439	         0	         0
  0.334375	     5.467	         0	         0
     0.335	     5.504	         0	         0
  0.335625	     5.529	         0	         0
   0.33625	     5.564	         0	         0
  0.336875	     5.592	         0	         0
    0.3375	     5.623	         0	         0
  0.338125	      5.65	         0	         0
   0.33875	     5.683	         0	         0
  0.339375	     5.708	         0	         0
      0.34	     5.739	         0	         0
  0.340625	     5.761	         0	         0
   0.34125	     5.786	         0	         0
  0.341875	     5.819	         0	         0
    0.3425	     5.849	         0	         0
  0.343125	     5.884	         0	         0
   0.34375	     5.912	         0	         0
  0.344375	     5.947	         0	         0
     0.345	     5.981	         0	         0
  0.345625	      6.02	         0	         0
   0.34625	     6.045	         0	         0
  0.346875	     6.071	         0	         0
    0.3475	     6.105	         0	         0
  0.348125	     6.143	         0	         0
   0.34875	     6.175	         0	         0
  0.349375	     6.212	         0	         0
      0.35	     6.258	         0	         0
  0.350625	     6.288	         0	         0
   0.35125	     6.314	         0	         0
  0.351875	     6.335	         0	         0
    0.3525	     6.383	         0	         0
  0.353125	     6.416	         0	         0
   0.35375	     6.443	         0	         0
  0.354375	     6.484	         0	         0
     0.355	     6.527	         0	         0
  0.355625	     6.553	         0	         0
   0.35625	     6.604	         0	         0
  0.356875	     6.633	         0	         0
    0.3575	     6.683	         0	         0
  0.358125	     6.734	         0	         0
   0.35875	     6.785	         0	         0
  0.359375	     6.824	         0	         0
      0.36	     6.872	         0	         0
  0.360625	     6.921	         0	         0
   0.36125	     6.961	         0	         0
  0.361875	         7	         0	         0
    0.3625	      7.04	         0	         0
  0.363125	     7.084	         0	         0
   0.36375	     7.125	         0	         0
  0.364375	     7.173	         0	         0
     0.365	     7.207	         0	         0
  0.365625	     7.236	         0	         0
   0.36625	     7.275	         0	         0
  0.366875	     7.319	         0	         0
    0.3675	     7.364	         0	         0
  0.368125	     7.405	         0	         0
   0.36875	     7.454	         0	         0
  0.369375	     7.497	         0	         0
      0.37	     7.545	         0	         0
  0.370625	     7.588	         0	         0
   0.37125	     7.641	         0	         0
  0.371875	     7.681	         0	         0
    0.3725	     7.737	         0	         0
  0.373125	     7.766	         0	         0
   0.37375	     7.816	         0	         0
  0.374375	      7.86	         0	         0
     0.375	     7.901	         0	         0
  0.375625	     7.944	         0	         0
   0.37625	     7.991	         0	         0
  0.376875	     8.043	         0	         0
    0.3775	     8.096	         0	         0
  0.378125	     8.145	         0	         0
   0.37875	     8.194	         0	         0
  0.379375	     8.245	         0	         0
      0.38	     8.289	         0	         0
  0.380625	     8.339	         0	         0
   0.38125	     8.409	         0	         0
  0.381875	     8.463	         0	         0
    0.3825	     8.503	         0	         0
  0.383125	     8.538	         0	         0
   0.38375	     8.598	         0	         0
  0.384375	     8.652	         0	         0
     0.385	     8.716	         0	         0
  0.385625	     8.779	         0	         0
   0.38625	     8.828	         0	         0
  0.386875	     8.897	         0	         0
    0.3875	     8.953	         0	         0
  0.388125	     8.999	         0	         0
   0.38875	     9.058	         0	         0
  0.389375	     9.118	         0	         0
      0.39	     9.171	         0	         0
  0.390625	     9.219	         0	         0
   0.39125	     9.275	         0	         0
  0.391875	     9.326	         0	         0
    0.3925	     9.392	         0	         0
  0.393125	     9.451	         0	         0
   0.39375	     9.505	         0	         0
  0.394375	     9.575	         0	         0
     0.395	     9.634	         0	         0
  0.395625	     9.691	         0	         0
   0.39625	      9.74	         0	         0
  0.396875	     9.806	         0	         0
    0.3975	     9.857	         0	         0
  0.398125	     9.933	         0	         0
   0.39875	     9.992	         0	         0
  0.399375	    10.068	         0	         0
       0.4	    10.123	         0	         0
  0.400625	    10.193	         0	         0
   0.40125	    10.253	         0	         0
  0.401875	    10.317	         0	         0
    0.4025	    10.386	         0	         0
  0.403125	    10.463	         0	         0
   0.40375	    10.539	         0	         0
  0.404375	    10.627	         0	         0
     0.405	    10.689	         0	         0
  0.405625	     10.77	         0	         0
   0.40625	    10.849	         0	         0
  0.406875	    10.914	         0	         0
    0.4075	    10.983	         0	         0
  0.408125	    11.079	         0	         0
   0.40875	    11.155	         0	         0
  0.409375	     11.24	         0	         0
      0.41	    11.319	         0	         0
  0.410625	    11.395	         0	         0
   0.41125	    11.476	         0	         0
  0.411875	    11.557	         0	         0
    0.4125	    11.643	         0	         0
  0.413125	    11.734	         0	         0
   0.41375	    11.812	         0	         0
  0.414375	    11.901	         0	         0
     0.415	    11.993	         0	         0
  0.415625	    12.086	         0	         0
   0.41625	     12.17	         0	         0
  0.416875	    12.244	         0	         0
    0.4175	    12.332	         0	         0
  0.418125	    12.412	         0	         0
   0.41875	    12.496	         0	         0
  0.419375	    12.596	         0	         0
      0.42	    12.675	         0	         0
  0.420625	     12.78	         0	         0
   0.42125	    12.881	         0	         0
  0.421875	    12.969	         0	         0
    0.4225	    13.053	         0	         0
  0.423125	    13.125	         0	         0
   0.42375	    13.248	         0	         0
  0.424375	    13.347	         0	         0
     0.425	    13.462	         0	         0
  0.425625	    13.544	         0	         0
   0.42625	    13.656	         0	         0
  0.426875	    13.748	         0	         0
    0.4275	    13.829	         0	         0
  0.428125	    13.948	         0	         0
   0.42875	     14.07	         0	         0
  0.429375	    14.183	         0	         0
      0.43	    14.256	         0	         0
  0.430625	    14.389	         0	         0
   0.43125	    14.512	         0	         0
  0.431875	    14.649	         0	         0
    0.4325	    14.757	         0	         0
  0.433125	    14.871	         0	         0
   0.43375	    14.978	         0	         0
  0.434375	    15.107	         0	         0
     0.435	    15.211	         0	         0
  0.435625	     15.32	         0	         0
   0.43625	    15.467	         0	         0
  0.436875	    15.582	         0	         0
    0.4375	    15.722	         0	         0
  0.438125	    15.825	         0	         0
   0.43875	    15.951	         0	         0
  0.439375	    16.061	         0	         0
      0.44	     16.21	         0	         0
  0.440625	    16.324	         0	         0
   0.44125	     16.48	         0	         0
  0.441875	    16.606	         0	         0
    0.4425	    16.746	         0	         0
  0.443125	     16.92	         0	         0
   0.44375	    17.037	         0	         0
  0.444375	    17.167	         0	         0
     0.445	    17.317	         0	         0
  0.445625	    17.453	         0	         0
   0.44625	    17.594	         0	         0
  0.446875	     17.75	         0	         0
    0.4475	    17.858	         0	         0
  0.448125	    18.003	         0	         0
   0.44875	    18.174	         0	         0
  0.449375	    18.337	         0	         0
      0.45	    18.494	         0	         0
  0.450625	    18.616	         0	         0
   0.45125	    18.779	         0	         0
  0.451875	    18.949	         0	         0
    0.4525	    19.097	         0	         0
  0.453125	     19.25	         0	         0
   0.45375	    19.424	         0	         0
  0.454375	    19.589	         0	         0
     0.455	    19.807	         0	         0
  0.455625	     19.98	         0	         0
   0.45625	    20.158	         0	         0
  0.456875	    20.337	         0	         0
    0.4575	    20.522	         0	         0
  0.458125	    20.706	         0	         0
   0.45875	    20.894	         0	         0
  0.459375	    21.027	         0	         0
      0.46	    21.195	         0	         0
  0.460625	    21.365	         0	         0
   0.46125	    21.576	         0	         0
  0.461875	     21.75	         0	         0
    0.4625	     21.92	         0	         0
  0.463125	    22.128	         0	         0
   0.46375	    22.336	         0	         0
  0.464375	    22.533	         0	         0
     0.465	    22.767	         0	         0
  0.465625	    22.941	         0	         0
   0.46625	    23.162	         0	         0
  0.466875	     23.36	         0	         0
    0.4675	    23.489	         0	         0
  0.468125	     23.73	         0	         0
   0.46875	    23.932	         0	         0
  0.469375	    24.103	         0	         0
      0.47	    24.367	         0	         0
  0.470625	     24.57	         0	         0
   0.47125	    24.806	         0	         0
  0.471875	    25.033	         0	         0
    0.4725	    25.223	         0	         0
  0.473125	    25.442	         0	         0
   0.47375	     25.73	         0	         0
  0.474375	    25.994	         0	         0
     0.475	    26.248	         0	         0
  0.475625	    26.516	         0	         0
   0.47625	    26.767	         0	         0
  0.476875	    27.029	         0	         0
    0.4775	    27.276	0.000247382	     0.001
  0.478125	    27.495	0.000560784	     0.002
   0.47875	    27.729	0.000562663	     0.002
  0.479375	    28.037	0.000564537	     0.002
      0.48	    28.314	0.000563802	     0.002
  0.480625	    28.585	0.000563069	     0.002
   0.48125	    28.892	0.000562338	     0.002
  0.481875	    29.269	0.000561608	     0.002
    0.4825	    29.677	0.000560881	     0.002
  0.483125	    29.971	0.000560155	     0.002
   0.48375	    30.276	0.000560724	     0.002
  0.484375	    30.598	0.000575484	     0.002
     0.485	     30.96	0.000574742	     0.002
  0.485625	    31.274	0.000574003	     0.002
   0.48625	    31.561	0.000573265	     0.002
  0.486875	    31.912	0.000573813	     0.002
    0.4875	    32.201	0.000575641	     0.002
  0.488125	    32.559	0.000638924	     0.002
   0.48875	    32.782	0.000639386	     0.002
  0.489375	     33.11	0.00063857	     0.002
      0.49	    33.494	0.000639031	     0.002
  0.490625	    33.809	0.00101146	     0.003
   0.49125	    34.163	0.00101018	     0.003
  0.491875	    34.519	0.00100889	     0.003
    0.4925	    34.872	0.00101015	     0.003
  0.493125	     35.21	0.00101014	     0.003
   0.49375	    35.552	0.00101013	     0.003
  0.494375	    35.858	0.00101011	     0.003
     0.495	    36.209	0.00129419	     0.004
  0.495625	    36.642	0.00129382	     0.004
   0.49625	    36.941	0.00129345	     0.004
  0.496875	    37.548	0.00129182	     0.004
    0.4975	    37.933	0.00129774	     0.004
  0.498125	    38.345	0.00129611	     0.004
   0.49875	    38.704	0.00156892	     0.005
  0.499375	    39.164	0.00156696	     0.005
       0.5	    39.499	  0.001565	     0.005
  0.500625	    39.936	0.00156305	     0.005
   0.50125	    40.288	0.00156359	     0.005
  0.501875	    40.733	0.00156538	     0.005
    0.5025	    41.199	0.00156468	     0.005
  0.503125	    41.668	0.00156398	     0.005
   0.50375	    42.161	0.00156203	     0.005
  0.504375	    42.676	0.00156134	     0.005
     0.505	    43.193	0.00156312	     0.005
  0.505625	    43.915	0.00160692	     0.005
   0.50625	    44.436	0.00162716	     0.005
  0.506875	    44.911	0.00162885	     0.005
    0.5075	     45.36	0.00162931	     0.005
  0.508125	    45.765	0.00163346	     0.005
   0.50875	    46.292	0.00165111	     0.005
  0.509375	    46.899	0.00169325	     0.005
      0.51	      47.5	0.00170343	     0.005
  0.510625	    48.089	0.00170257	     0.005
   0.51125	    48.591	0.00214425	     0.006
  0.511875	    49.054	 0.0025116	     0.007
    0.5125	    49.618	0.00252317	     0.007
  0.513125	     50.25	0.00254324	     0.007
   0.51375	    50.785	0.00254988	     0.007
  0.514375	      51.3	0.00286999	     0.008
     0.515	    51.895	0.00321723	     0.009
  0.515625	    52.435	0.00323636	     0.009
   0.51625	    53.205	 0.0039201	     0.011
  0.516875	    53.693	0.00431197	     0.012
    0.5175	    54.334	0.00431039	     0.012
  0.518125	    54.965	0.00431604	     0.012
   0.51875	    55.595	0.00431807	     0.012
  0.519375	    56.282	0.00431769	     0.012
      0.52	    57.043	0.00431851	     0.012
  0.520625	    57.541	0.00473469	     0.013
   0.52125	    58.336	 0.0047554	     0.013
  0.521875	    59.234	0.00499042	     0.014
    0.5225	    60.247	 0.0051866	     0.015
  0.523125	      60.9	0.00523059	     0.015
   0.52375	    61.606	 0.0053031	     0.015
  0.524375	    62.399	0.00538379	     0.015
     0.525	    63.072	 0.0057119	     0.016
  0.525625	    63.517	0.00684542	     0.019
   0.52625	    64.182	0.00689667	     0.019
  0.526875	     64.66	0.00816489	     0.022
    0.5275	    65.718	0.00845261	     0.023
  0.528125	    66.532	0.00891006	     0.024
   0.52875	    67.341	0.00892435	     0.024
  0.529375	    68.107	0.00946989	     0.025
      0.53	    68.893	 0.0101403	     0.027
  0.530625	    69.906	 0.0101578	     0.027
   0.53125	    70.721	 0.0105882	     0.028
  0.531875	    71.441	 0.0116498	      0.03
    0.5325	    72.095	 0.0122265	     0.031
  0.533125	    73.106	 0.0122462	     0.031
   0.53375	    73.521	 0.0138302	     0.035
  0.534375	    74.224	 0.0139041	     0.035
     0.535	    74.879	 0.0154054	     0.039
  0.535625	    76.065	 0.0154306	     0.039
   0.53625	     76.95	 0.0159254	      0.04
  0.536875	    77.879	 0.0159534	      0.04
    0.5375	    78.673	 0.0176895	     0.044
  0.538125	    79.328	 0.0188583	     0.046
   0.53875	    80.453	 0.0192842	     0.047
  0.539375	    81.225	 0.0201159	     0.049
      0.54	     81.89	 0.0209363	     0.051
  0.540625	    82.768	  0.021704	     0.053
   0.54125	     83.57	 0.0224457	     0.055
  0.541875	    84.788	 0.0235006	     0.057
    0.5425	    85.496	 0.0246313	     0.059
  0.543125	    86.512	 0.0254235	     0.061
   0.54375	    87.181	 0.0264425	     0.063
  0.544375	    88.324	 0.0268473	     0.064
     0.545	    89.156	 0.0273544	     0.065
  0.545625	    90.436	 0.0288202	     0.068
   0.54625	    90.484	 0.0309211	     0.072
  0.546875	    91.618	 0.0325394	     0.076
    0.5475	    92.589	 0.0339726	     0.078
  0.548125	    93.469	 0.0358609	     0.083
   0.54875	    94.484	 0.0366446	     0.085
  0.549375	     95.47	  0.038678	      0.09
      0.55	    96.802	  0.040475	     0.094
  0.550625	    98.037	 0.0409716	     0.095
   0.55125	    99.226	 0.0418447	     0.097
  0.551875	   100.252	 0.0428097	     0.099
    0.5525	   101.494	 0.0445464	     0.102
  0.553125	   102.485	 0.0456328	     0.104
   0.55375	   102.863	 0.0486659	      0.11
  0.554375	   103.882	 0.0507565	     0.114
     0.555	   104.319	 0.0539764	     0.119
  0.555625	   104.967	 0.0562216	     0.123
   0.55625	   105.929	 0.0588494	     0.128
  0.556875	   107.511	 0.0597385	      0.13
    0.5575	   108.676	 0.0607646	     0.132
  0.558125	   109.862	 0.0625454	     0.135
   0.55875	   110.698	 0.0652886	     0.141
  0.559375	   110.723	 0.0696469	     0.148
      0.56	   111.392	  0.073346	     0.154
  0.560625	    112.34	 0.0751505	     0.158
   0.56125	   113.231	 0.0791292	     0.166
  0.561875	   113.861	 0.0820489	     0.171
    0.5625	   115.081	 0.0844911	     0.176
  0.563125	   116.101	 0.0872408	     0.181
   0.56375	   117.215	 0.0900565	     0.185
  0.564375	   119.214	 0.0921772	     0.189
     0.565	   120.581	 0.0939358	     0.192
  0.565625	   121.847	 0.0960884	     0.196
   0.56625	    122.62	 0.0998278	     0.202
  0.566875	   123.361	  0.102373	     0.205
    0.5675	    123.95	  0.105808	     0.211
  0.568125	   125.302	  0.108364	     0.215
   0.56875	   126.292	    0.1117	     0.219
  0.569375	   126.822	  0.116467	     0.227
      0.57	   128.116	  0.119115	     0.231
  0.570625	   128.057	  0.125824	     0.242
   0.57125	   129.114	  0.129319	     0.249
  0.571875	   129.805	  0.133899	     0.257
    0.5725	   130.187	   0.13965	     0.268
  0.573125	   130.555	  0.144989	     0.276
   0.57375	   130.684	  0.150712	     0.284
  0.574375	   131.759	  0.153787	     0.288
     0.575	   131.735	  0.159051	     0.296
  0.575625	    132.64	  0.164261	     0.304
   0.57625	   133.282	   0.16923	     0.311
  0.576875	   133.738	  0.173716	     0.317
    0.5775	   134.411	  0.177225	     0.322
  0.578125	   134.329	  0.182603	     0.329
   0.57875	   134.988	  0.185948	     0.334
  0.579375	   135.516	  0.191766	     0.344
      0.58	   135.772	   0.19736	     0.352
  0.580625	   136.272	  0.202235	     0.359
   0.58125	   136.997	  0.206215	     0.363
  0.581875	   137.276	  0.211177	      0.37
    0.5825	   138.934	  0.214543	     0.373
  0.583125	   139.906	  0.218106	     0.378
   0.58375	   140.615	  0.222781	     0.385
  0.584375	   140.276	   0.22935	     0.395
     0.585	   141.951	  0.233568	       0.4
  0.585625	   141.798	  0.239915	     0.408
   0.58625	   142.114	  0.246011	     0.415
  0.586875	   142.654	  0.251355	     0.422
    0.5875	   140.985	  0.261143	     0.436
  0.588125	   142.335	   0.26362	     0.439
   0.58875	   142.251	  0.269689	     0.446
  0.589375	   142.659	  0.276203	     0.455
      0.59	   142.862	  0.281579	     0.462
  0.590625	   143.924	  0.285417	     0.465
   0.59125	   143.209	  0.293901	     0.478
  0.591875	   142.227	  0.303339	     0.492
    0.5925	   141.905	  0.308927	     0.499
  0.593125	   141.237	  0.316891	     0.509
   0.59375	   141.414	  0.323007	     0.517
  0.594375	   141.016	  0.329905	     0.527
     0.595	   140.853	  0.336891	     0.537
  0.595625	   140.738	  0.343414	     0.544
   0.59625	    140.52	  0.351996	     0.555
  0.596875	   141.216	  0.358203	     0.563
    0.5975	   139.651	  0.368314	     0.577
  0.598125	   138.932	  0.375312	     0.584
   0.59875	   137.645	   0.38436	     0.592
  0.599375	    134.25	  0.397697	     0.611
       0.6	   134.053	  0.403951	     0.619
  0.600625	   133.347	  0.410579	     0.626
   0.60125	   133.196	  0.416962	     0.635
  0.601875	   132.386	  0.424463	     0.643
    0.6025	   131.369	   0.43118	     0.649
  0.603125	   129.212	   0.44112	     0.661
   0.60375	    127.97	  0.448525	     0.667
  0.604375	   125.717	  0.457478	     0.676
     0.605	   124.564	  0.464378	     0.682
  0.605625	   124.404	  0.470608	      0.69
   0.60625	   123.405	  0.477084	     0.696
  0.606875	   122.296	  0.486034	     0.705
    0.6075	   122.276	  0.491029	     0.709
  0.608125	   121.784	  0.496952	     0.715
   0.60875	   121.308	  0.502236	      0.72
  0.609375	   120.039	  0.509811	     0.727
      0.61	   119.115	  0.516488	     0.732
  0.610625	   118.467	  0.520972	     0.736
   0.61125	   117.446	  0.526495	     0.741
  0.611875	    116.31	  0.534847	     0.748
    0.6125	   115.661	  0.540808	     0.755
  0.613125	   113.954	  0.548484	     0.761
   0.61375	   111.236	  0.558717	     0.773
  0.614375	   109.774	  0.566026	      0.78
     0.615	    107.89	  0.573941	     0.786
  0.615625	   105.616	  0.583146	     0.795
   0.61625	   105.405	  0.587199	     0.797
  0.616875	   104.732	  0.591308	     0.799
    0.6175	   103.241	  0.598484	     0.806
  0.618125	   102.782	  0.604108	     0.811
   0.61875	   101.886	   0.60862	     0.813
  0.619375	   100.062	  0.615231	     0.818
      0.62	    99.115	   0.62115	     0.823
  0.620625	    97.039	  0.628066	      0.83
   0.62125	     94.65	  0.634837	     0.834
  0.621875	     92.18	   0.64444	     0.845
    0.6225	    89.607	  0.654383	     0.854
  0.623125	    88.836	  0.659767	     0.858
   0.62375	    88.037	  0.665075	     0.863
  0.624375	    86.525	  0.670343	     0.865
     0.625	    86.062	  0.675532	     0.869
  0.625625	    84.691	  0.681716	     0.873
   0.62625	    82.522	  0.688297	     0.878
  0.626875	    81.031	  0.694647	     0.883
    0.6275	    78.968	  0.701371	     0.888
  0.628125	     77.47	  0.706629	     0.892
   0.62875	    76.792	  0.711067	     0.893
  0.629375	    76.108	  0.714955	     0.896
      0.63	    74.405	   0.72182	     0.902
  0.630625	    72.665	  0.728128	     0.907
   0.63125	    71.354	  0.734398	     0.911
  0.631875	    69.246	  0.740975	     0.915
    0.6325	    67.926	  0.745653	     0.917
  0.633125	    67.576	  0.748254	     0.917
   0.63375	    66.786	  0.752683	      0.92
  0.634375	    64.132	  0.759474	     0.925
     0.635	    64.282	   0.76362	     0.927
  0.635625	    62.792	  0.768399	      0.93
   0.63625	    63.097	  0.770585	     0.931
  0.636875	      62.8	  0.773959	     0.932
    0.6375	    61.062	  0.779046	     0.934
  0.638125	    60.202	  0.782644	     0.936
   0.63875	    58.205	  0.788087	      0.94
  0.639375	    57.617	  0.791579	     0.943
      0.64	    56.501	  0.795044	     0.945
  0.640625	    56.357	  0.798081	     0.947
   0.64125	    54.292	  0.803919	     0.951
  0.641875	    53.198	  0.808325	     0.954
    0.6425	    52.535	  0.811551	     0.957
  0.643125	      51.1	  0.816523	      0.96
   0.64375	    50.264	  0.819245	     0.961
  0.644375	     49.26	  0.822525	     0.962
     0.645	    47.765	  0.827104	     0.965
  0.645625	    47.272	  0.830253	     0.966
   0.64625	    46.254	  0.833469	     0.967
  0.646875	    45.509	  0.837254	     0.969
    0.6475	    43.448	  0.842303	     0.973
  0.648125	     41.62	  0.846451	     0.974
   0.64875	    41.226	  0.848412	     0.974
  0.649375	    41.288	  0.850017	     0.974
      0.65	    40.548	  0.852927	     0.975
  0.650625	     39.71	  0.855526	     0.975
   0.65125	    38.498	  0.858855	     0.976
  0.651875	    37.475	  0.862149	     0.978
    0.6525	    36.656	  0.865881	      0.98
  0.653125	    36.772	  0.866811	      0.98
   0.65375	    36.358	  0.868848	     0.981
  0.654375	    34.963	  0.871776	     0.982
     0.655	    34.998	  0.872856	     0.982
  0.655625	    35.112	  0.874133	     0.982
   0.65625	    34.787	  0.875658	     0.982
  0.656875	    32.895	  0.879297	     0.983
    0.6575	    31.955	  0.882283	     0.986
  0.658125	    31.329	  0.883829	     0.986
   0.65875	    31.222	  0.885029	     0.986
  0.659375	    31.284	    0.8861	     0.986
      0.66	    30.322	  0.888759	     0.987
  0.660625	    29.977	  0.890636	     0.988
   0.66125	    29.233	  0.892698	     0.989
  0.661875	    29.089	  0.894167	     0.989
    0.6625	     28.48	  0.895676	     0.989
  0.663125	    27.874	  0.897583	     0.989
   0.66375	    27.231	  0.899241	     0.989
  0.664375	    25.794	  0.902081	      0.99
     0.665	    25.175	   0.90397	     0.991
  0.665625	    25.036	  0.905243	     0.991
   0.66625	    24.627	  0.906557	     0.991
  0.666875	    23.578	  0.908594	     0.991
    0.6675	    22.937	  0.910763	     0.992
  0.668125	     22.21	  0.912802	     0.992
   0.66875	    20.486	  0.915951	     0.994
  0.669375	    19.839	  0.918002	     0.995
      0.67	    19.593	  0.919313	     0.995
  0.670625	    18.729	  0.921404	     0.996
   0.67125	    18.738	  0.922035	     0.996
  0.671875	    17.789	  0.923786	     0.996
    0.6725	    17.627	  0.924883	     0.996
  0.673125	    17.548	  0.925626	     0.996
   0.67375	     17.34	  0.926613	     0.996
  0.674375	    17.165	  0.927518	     0.996
     0.675	    16.933	  0.928591	     0.996
  0.675625	    16.858	  0.929322	     0.996
   0.67625	    16.524	  0.930804	     0.997
  0.676875	    15.936	  0.932619	     0.998
    0.6775	    15.857	   0.93345	     0.998
  0.678125	     15.58	  0.934482	     0.998
   0.67875	     15.44	  0.935357	     0.998
  0.679375	    14.894	   0.93699	     0.999
      0.68	    14.914	  0.937506	     0.999
  0.680625	    14.595	  0.938567	     0.999
   0.68125	    14.421	  0.939459	     0.999
  0.681875	    14.387	  0.940278	     0.999
    0.6825	    13.565	  0.941765	     0.999
  0.683125	    13.264	  0.942719	     0.999
   0.68375	     12.81	  0.943934	     0.999
  0.684375	    12.036	  0.945649	         1
     0.685	    11.764	  0.946497	         1
  0.685625	    11.656	  0.947258	         1
   0.68625	    11.497	  0.948019	         1
  0.686875	    11.412	  0.948649	         1
    0.6875	    11.404	   0.94911	         1
  0.688125	    11.317	  0.949791	         1
   0.68875	    11.029	  0.950618	         1
  0.689375	    10.936	   0.95132	         1
      0.69	    10.897	  0.951936	         1
  0.690625	    10.869	  0.952426	         1
   0.69125	    10.665	  0.953221	         1
  0.691875	    10.596	  0.953844	         1
    0.6925	    10.509	  0.954501	         1
  0.693125	    10.454	  0.954963	         1
   0.69375	    10.409	  0.955561	         1
  0.694375	    10.257	  0.956159	         1
     0.695	    10.186	  0.956561	         1
  0.695625	      9.68	  0.957573	         1
   0.69625	     9.586	  0.958131	         1
  0.696875	     9.565	  0.958601	         1
    0.6975	     9.453	  0.959233	         1
  0.698125	     9.258	  0.959819	         1
   0.69875	     9.259	  0.960238	         1
  0.699375	     9.157	  0.960737	         1
       0.7	     9.045	  0.961312	         1
  0.700625	     9.041	  0.961665	         1
   0.70125	     8.628	  0.962546	         1
  0.701875	     8.371	  0.963268	         1
    0.7025	      8.31	  0.963769	         1
  0.703125	     8.192	  0.964441	         1
   0.70375	     8.116	  0.964886	         1
  0.704375	     8.069	  0.965306	         1
     0.705	     8.051	  0.965649	         1
  0.705625	      7.99	   0.96604	         1
   0.70625	     7.864	  0.966549	         1
  0.706875	     7.873	  0.966813	         1
    0.7075	     7.729	  0.967305	         1
  0.708125	     7.596	  0.967818	         1
   0.70875	     7.558	  0.968164	         1
  0.709375	     7.251	  0.968851	         1
      0.71	     7.157	   0.96933	         1
  0.710625	     7.083	  0.969693	         1
   0.71125	     7.094	  0.970031	         1
  0.711875	     6.881	  0.970552	         1
    0.7125	     6.883	  0.970822	         1
  0.713125	      6.83	  0.971222	         1
   0.71375	     6.797	  0.971686	         1
  0.714375	     6.468	   0.97239	         1
     0.715	     6.435	  0.972779	         1
  0.715625	     6.204	    0.9734	         1
   0.71625	       6.1	  0.973755	         1
  0.716875	     6.042	   0.97418	         1
    0.7175	     5.925	   0.97461	         1
  0.718125	     5.876	  0.974898	         1
   0.71875	     5.899	  0.975137	         1
  0.719375	     5.896	  0.975421	         1
      0.72	     5.854	  0.975695	         1
  0.720625	     5.743	  0.976037	         1
   0.72125	     5.769	  0.976157	         1
  0.721875	     5.772	   0.97637	         1
    0.7225	     5.711	   0.97663	         1
  0.723125	     5.613	  0.976979	         1
   0.72375	     5.474	  0.977405	         1
  0.724375	      5.33	  0.977794	         1
     0.725	     5.273	  0.978083	         1
  0.725625	     5.176	  0.978415	         1
   0.72625	     5.117	  0.978694	         1
  0.726875	     5.095	  0.978942	         1
    0.7275	     4.924	  0.979342	         1
  0.728125	     4.881	  0.979595	         1
   0.72875	      4.89	  0.979755	         1
  0.729375	     4.824	   0.98003	         1
      0.73	     4.812	  0.980263	         1
  0.730625	     4.753	  0.980553	         1
   0.73125	     4.628	  0.980893	         1
  0.731875	     4.624	  0.981136	         1
    0.7325	      4.58	  0.981345	         1
  0.733125	     4.578	  0.981525	         1
   0.73375	     4.579	  0.981672	         1
  0.734375	      4.51	  0.981913	         1
     0.735	       4.5	  0.982088	         1
  0.735625	     4.429	  0.982316	         1
   0.73625	     4.362	  0.982588	         1
  0.736875	     4.348	  0.982763	         1
    0.7375	     4.319	  0.982942	         1
  0.738125	     4.236	  0.983216	         1
   0.73875	     4.219	  0.983415	         1
  0.739375	     4.174	  0.983644	         1
      0.74	     4.192	  0.983853	         1
  0.740625	     4.138	  0.984081	         1
   0.74125	      4.14	  0.984233	         1
  0.741875	     4.132	  0.984386	         1
    0.7425	     4.121	  0.984573	         1
  0.743125	     4.003	  0.984849	         1
   0.74375	     3.954	   0.98507	         1
  0.744375	     3.929	  0.985202	         1
     0.745	     3.882	  0.985402	         1
  0.745625	     3.777	  0.985666	         1
   0.74625	     3.758	  0.985843	         1
  0.746875	      3.65	  0.986102	         1
    0.7475	     3.526	  0.986361	         1
  0.748125	     3.529	  0.986495	         1
   0.74875	     3.493	   0.98667	         1
  0.749375	     3.467	  0.986872	         1
      0.75	     3.435	  0.987057	         1
  0.750625	     3.419	  0.987222	         1
   0.75125	     3.411	  0.987345	         1
  0.751875	     3.382	  0.987525	         1
    0.7525	      3.28	  0.987779	         1
  0.753125	     3.157	  0.988024	         1
   0.75375	     3.144	  0.988156	         1
  0.754375	     3.102	  0.988356	         1
     0.755	     3.109	  0.988472	         1
  0.755625	     3.073	  0.988656	         1
   0.75625	     3.063	   0.98878	         1
  0.756875	     3.031	  0.988954	         1
    0.7575	     3.013	  0.989068	         1
  0.758125	     3.015	  0.989178	         1
   0.75875	     2.982	  0.989329	         1
  0.759375	     2.984	  0.989458	         1
      0.76	      2.99	  0.989563	         1
  0.760625	     2.876	  0.989782	         1
   0.76125	      2.85	  0.989916	         1
  0.761875	     2.841	  0.990028	         1
    0.7625	     2.819	  0.990161	         1
  0.763125	      2.74	  0.990328	         1
   0.76375	     2.737	  0.990423	         1
  0.764375	     2.723	   0.99053	         1
     0.765	     2.707	  0.990673	         1
  0.765625	     2.682	  0.990806	         1
   0.76625	     2.637	  0.990962	         1
  0.766875	     2.534	  0.991156	         1
    0.7675	     2.502	  0.991273	         1
  0.768125	     2.499	  0.991357	         1
   0.76875	     2.476	  0.991472	         1
  0.769375	     2.457	  0.991591	         1
      0.77	     2.436	    0.9917	         1
  0.770625	     2.418	  0.991808	         1
   0.77125	     2.379	  0.991955	         1
  0.771875	     2.372	   0.99205	         1
    0.7725	     2.372	  0.992138	         1
  0.773125	     2.362	  0.992229	         1
   0.77375	     2.366	  0.992295	         1
  0.774375	      2.36	  0.992385	         1
     0.775	     2.365	  0.992432	         1
  0.775625	     2.365	  0.992506	         1
   0.77625	     2.346	  0.992602	         1
  0.776875	     2.309	  0.992734	         1
    0.7775	     2.284	  0.992844	         1
  0.778125	     2.279	  0.992918	         1
   0.77875	     2.271	  0.992987	         1
  0.779375	     2.269	  0.993064	         1
      0.78	     2.263	  0.993147	         1
  0.780625	     2.254	  0.993231	         1
   0.78125	     2.251	  0.993306	         1
  0.781875	     2.253	  0.993372	         1
    0.7825	     2.256	  0.993428	         1
  0.783125	     2.232	  0.993501	         1
   0.78375	     2.159	  0.993626	         1
  0.784375	     2.141	  0.993726	         1
     0.785	     2.101	  0.993843	         1
  0.785625	     2.071	   0.99395	         1
   0.78625	     2.051	  0.994038	         1
  0.786875	     2.034	  0.994106	         1
    0.7875	     2.021	  0.994199	         1
  0.788125	     1.998	  0.994291	         1
   0.78875	     1.974	  0.994369	         1
  0.789375	      1.98	  0.994425	         1
      0.79	     1.963	  0.994499	         1
  0.790625	     1.938	  0.994592	         1
   0.79125	     1.936	  0.994665	         1
  0.791875	      1.93	  0.994733	         1
    0.7925	     1.911	  0.994826	         1
  0.793125	     1.909	  0.994893	         1
   0.79375	     1.886	  0.994994	         1
  0.794375	     1.855	  0.995071	         1
     0.795	     1.853	  0.995123	         1
  0.795625	     1.832	  0.995218	         1
   0.79625	     1.819	  0.995283	         1
  0.796875	      1.81	  0.995352	         1
    0.7975	       1.8	  0.995411	         1
  0.798125	     1.797	  0.995458	         1
   0.79875	     1.787	  0.995541	         1
  0.799375	     1.788	  0.995604	         1
       0.8	     1.785	  0.995665	         1
  0.800625	     1.773	  0.995732	         1
   0.80125	     1.752	  0.995805	         1
  0.801875	     1.736	  0.995864	         1
    0.8025	     1.739	  0.995914	         1
  0.803125	     1.727	  0.995973	         1
   0.80375	     1.727	  0.996035	         1
  0.804375	     1.721	  0.996078	         1
     0.805	     1.716	  0.996137	         1
  0.805625	     1.711	  0.996186	         1
   0.80625	      1.68	  0.996292	         1
  0.806875	     1.684	  0.996319	         1
    0.8075	     1.673	  0.996361	         1
  0.808125	     1.673	  0.996422	         1
   0.80875	     1.663	  0.996466	         1
  0.809375	     1.649	  0.996514	         1
      0.81	     1.631	  0.996568	         1
  0.810625	     1.609	  0.996638	         1
   0.81125	     1.604	  0.996679	         1
  0.811875	     1.564	   0.99676	         1
    0.8125	      1.56	  0.996811	         1
  0.813125	     1.539	  0.996865	         1
   0.81375	     1.541	  0.996889	         1
  0.814375	     1.537	  0.996935	         1
     0.815	     1.523	  0.996979	         1
  0.815625	     1.512	  0.997018	         1
   0.81625	     1.507	  0.997056	         1
  0.816875	     1.487	  0.997108	         1
    0.8175	     1.468	  0.997163	         1
  0.818125	     1.467	  0.997196	         1
   0.81875	     1.454	  0.997236	         1
  0.819375	     1.447	  0.997266	         1
      0.82	     1.447	  0.997288	         1
  0.820625	     1.428	  0.997329	         1
   0.82125	     1.429	  0.997362	         1
  0.821875	     1.428	  0.997395	         1
    0.8225	     1.427	   0.99743	         1
  0.823125	     1.417	  0.997468	         1
   0.82375	     1.407	  0.997503	         1
  0.824375	       1.4	  0.997546	         1
     0.825	     1.391	  0.997575	         1
  0.825625	     1.387	  0.997593	         1
   0.82625	     1.384	  0.997615	         1
  0.826875	     1.371	  0.997655	         1
    0.8275	     1.357	  0.997689	         1
  0.828125	     1.351	  0.997708	         1
   0.82875	     1.339	  0.997741	         1
  0.829375	     1.335	  0.997763	         1
      0.83	     1.326	  0.997786	         1
  0.830625	     1.325	  0.997822	         1
   0.83125	     1.323	  0.997861	         1
  0.831875	     1.295	  0.997903	         1
    0.8325	     1.277	  0.997945	         1
  0.833125	     1.273	  0.997975	         1
   0.83375	     1.268	  0.998004	         1
  0.834375	     1.265	  0.998028	         1
     0.835	     1.253	  0.998061	         1
  0.835625	     1.244	  0.998088	         1
   0.83625	     1.242	  0.998109	         1
  0.836875	     1.233	  0.998137	         1
    0.8375	     1.215	  0.998168	         1
  0.838125	     1.208	  0.998192	         1
   0.83875	     1.196	  0.998224	         1
  0.839375	     1.186	  0.998258	         1
      0.84	     1.171	  0.998292	         1
  0.840625	     1.164	  0.998325	         1
   0.84125	     1.163	   0.99834	         1
  0.841875	     1.149	  0.998363	         1
    0.8425	     1.144	   0.99838	         1
  0.843125	     1.128	  0.998411	         1
   0.84375	     1.114	  0.998443	         1
  0.844375	     1.095	  0.998474	         1
     0.845	     1.083	    0.9985	         1
  0.845625	      1.08	  0.998518	         1
   0.84625	     1.075	  0.998544	         1
  0.846875	     1.059	  0.998578	         1
    0.8475	     1.055	  0.998594	         1
  0.848125	     1.051	   0.99861	         1
   0.84875	     1.043	   0.99863	         1
  0.849375	     1.022	  0.998664	         1
      0.85	     1.019	  0.998675	         1
  0.850625	     1.001	    0.9987	         1
   0.85125	     0.984	  0.998728	         1
  0.851875	     0.963	  0.998754	         1
    0.8525	     0.957	  0.998775	         1
  0.853125	     0.952	  0.998786	         1
   0.85375	      0.94	  0.998813	         1
  0.854375	     0.935	  0.998828	         1
     0.855	     0.934	  0.998848	         1
  0.855625	     0.913	  0.998876	         1
   0.85625	     0.907	  0.998892	         1
  0.856875	     0.898	   0.99891	         1
    0.8575	     0.897	  0.998917	         1
  0.858125	     0.891	  0.998935	         1
   0.85875	     0.881	  0.998954	         1
  0.859375	     0.878	  0.998964	         1
      0.86	     0.871	  0.998978	         1
  0.860625	     0.856	  0.998998	         1
   0.86125	     0.828	  0.999028	         1
  0.861875	     0.825	  0.999038	         1
    0.8625	      0.82	  0.999057	         1
  0.863125	     0.815	  0.999071	         1
   0.86375	     0.801	  0.999091	         1
  0.864375	     0.789	  0.999111	         1
     0.865	     0.781	  0.999124	         1
  0.865625	     0.776	  0.999136	         1
   0.86625	     0.772	  0.999146	         1
  0.866875	     0.764	  0.999162	         1
    0.8675	     0.746	  0.999182	         1
  0.868125	     0.742	  0.999191	         1
   0.86875	     0.723	  0.999209	         1
  0.869375	      0.71	  0.999226	         1
      0.87	     0.697	  0.999242	         1
  0.870625	     0.688	   0.99926	         1
   0.87125	     0.686	  0.999267	         1
  0.871875	     0.677	  0.999279	         1
    0.8725	     0.661	  0.999299	         1
  0.873125	     0.655	  0.999311	         1
   0.87375	      0.64	  0.999325	         1
  0.874375	     0.632	  0.999337	         1
     0.875	     0.625	  0.999347	         1
  0.875625	     0.612	  0.999363	         1
   0.87625	     0.603	  0.999378	         1
  0.876875	     0.599	  0.999392	         1
    0.8775	     0.593	    0.9994	         1
  0.878125	     0.593	  0.999407	         1
   0.87875	     0.589	  0.999413	         1
  0.879375	     0.576	  0.999429	         1
      0.88	     0.566	  0.999437	         1
  0.880625	     0.561	  0.999444	         1
   0.88125	     0.552	  0.999455	         1
  0.881875	     0.548	  0.999464	         1
    0.8825	     0.544	  0.999472	         1
  0.883125	     0.539	  0.999484	         1
   0.88375	     0.534	  0.999492	         1
  0.884375	     0.528	  0.999498	         1
     0.885	     0.522	  0.999508	         1
  0.885625	     0.515	  0.999516	         1
   0.88625	     0.505	  0.999529	         1
  0.886875	     0.494	  0.999544	         1
    0.8875	     0.483	  0.999551	         1
  0.888125	     0.478	  0.999556	         1
   0.88875	     0.469	  0.999569	         1
  0.889375	     0.462	  0.999578	         1
      0.89	     0.452	  0.999589	         1
  0.890625	     0.439	  0.999606	         1
   0.89125	     0.437	  0.999609	         1
  0.891875	     0.425	  0.999624	         1
    0.8925	     0.421	  0.999629	         1
  0.893125	     0.416	  0.999635	         1
   0.89375	     0.407	  0.999645	         1
  0.894375	     0.402	  0.999651	         1
     0.895	     0.397	  0.999659	         1
  0.895625	     0.392	  0.999666	         1
   0.89625	     0.389	  0.999669	         1
  0.896875	      0.38	  0.999677	         1
    0.8975	     0.375	  0.999685	         1
  0.898125	     0.371	   0.99969	         1
   0.89875	     0.363	    0.9997	         1
  0.899375	      0.36	  0.999703	         1
       0.9	     0.352	  0.999709	         1
  0.900625	      0.35	  0.999711	         1
   0.90125	     0.346	   0.99972	         1
  0.901875	     0.338	  0.999726	         1
    0.9025	     0.336	  0.999731	         1
  0.903125	      0.33	  0.999738	         1
   0.90375	     0.327	  0.999743	         1
  0.904375	     0.315	  0.999755	         1
     0.905	     0.306	  0.999762	         1
  0.905625	     0.304	  0.999766	         1
   0.90625	     0.302	  0.999768	         1
  0.906875	     0.291	  0.999776	         1
    0.9075	     0.284	  0.999781	         1
  0.908125	      0.28	  0.999784	         1
   0.90875	     0.272	  0.999791	         1
  0.909375	     0.263	  0.999799	         1
      0.91	     0.259	  0.999802	         1
  0.910625	     0.253	  0.999808	         1
   0.91125	     0.241	  0.999816	         1
  0.911875	     0.238	  0.999822	         1
    0.9125	     0.232	  0.999827	         1
  0.913125	     0.222	  0.999834	         1
   0.91375	     0.218	  0.999839	         1
  0.914375	     0.211	  0.999843	         1
     0.915	     0.208	  0.999846	         1
  0.915625	       0.2	  0.999852	         1
   0.91625	     0.198	  0.999854	         1
  0.916875	     0.196	  0.999855	         1
    0.9175	     0.188	  0.999861	         1
  0.918125	      0.18	  0.999867	         1
   0.91875	     0.173	  0.999872	         1
  0.919375	     0.172	  0.999874	         1
      0.92	     0.172	  0.999875	         1
  0.920625	     0.169	  0.999878	         1
   0.92125	     0.162	  0.999883	         1
  0.921875	     0.159	  0.999885	         1
    0.9225	     0.157	  0.999887	         1
  0.923125	     0.155	  0.999888	         1
   0.92375	     0.153	   0.99989	         1
  0.924375	     0.149	  0.999892	         1
     0.925	     0.146	  0.999895	         1
  0.925625	     0.142	  0.999897	         1
   0.92625	     0.142	  0.999897	         1
  0.926875	     0.141	  0.999898	         1
    0.9275	     0.129	  0.999907	         1
  0.928125	     0.128	  0.999908	         1
   0.92875	     0.123	  0.999911	         1
  0.929375	     0.122	  0.999913	         1
      0.93	     0.119	  0.999915	         1
  0.930625	      0.12	  0.999916	         1
   0.93125	     0.117	  0.999919	         1
  0.931875	     0.117	  0.999919	         1
    0.9325	     0.112	  0.999923	         1
  0.933125	     0.105	  0.999928	         1
   0.93375	     0.104	  0.999928	         1
  0.934375	     0.096	  0.999934	         1
     0.935	     0.096	  0.999934	         1
  0.935625	     0.092	  0.999937	         1
   0.93625	      0.09	  0.999939	         1
  0.936875	     0.089	  0.999939	         1
    0.9375	     0.084	  0.999942	         1
  0.938125	     0.083	  0.999943	         1
   0.93875	      0.08	  0.999945	         1
  0.939375	     0.077	  0.999947	         1
      0.94	     0.077	  0.999947	         1
  0.940625	     0.072	   0.99995	         1
   0.94125	     0.064	  0.999956	         1
  0.941875	     0.063	  0.999956	         1
    0.9425	     0.061	  0.999958	         1
  0.943125	     0.059	   0.99996	         1
   0.94375	     0.054	  0.999963	         1
  0.944375	     0.053	  0.999964	         1
     0.945	     0.052	  0.999965	         1
  0.945625	     0.051	  0.999966	         1
   0.94625	     0.047	  0.999968	         1
  0.946875	     0.046	  0.999969	         1
    0.9475	     0.044	   0.99997	         1
  0.948125	     0.042	  0.999972	         1
   0.94875	     0.041	  0.999972	         1
  0.949375	      0.04	  0.999973	         1
      0.95	      0.04	  0.999973	         1
  0.950625	     0.039	  0.999974	         1
   0.95125	     0.039	  0.999974	         1
  0.951875	     0.038	  0.999974	         1
    0.9525	     0.035	  0.999976	         1
  0.953125	     0.033	  0.999978	         1
   0.95375	     0.033	  0.999978	         1
  0.954375	     0.031	  0.999979	         1
     0.955	     0.031	  0.999979	         1
  0.955625	     0.028	  0.999981	         1
   0.95625	     0.025	  0.999983	         1
  0.956875	     0.025	  0.999983	         1
    0.9575	     0.025	  0.999983	         1
  0.958125	     0.023	  0.999985	         1
   0.95875	     0.023	  0.999985	         1
  0.959375	     0.022	  0.999986	         1
      0.96	     0.021	  0.999986	         1
  0.960625	      0.02	  0.999987	         1
   0.96125	      0.02	  0.999987	         1
  0.961875	      0.02	  0.999987	         1
    0.9625	     0.017	  0.999989	         1
  0.963125	     0.014	  0.999991	         1
   0.96375	     0.014	  0.999991	         1
  0.964375	     0.013	  0.999992	         1
     0.965	      0.01	  0.999994	         1
  0.965625	     0.009	  0.999994	         1
   0.96625	     0.009	  0.999994	         1
  0.966875	     0.008	  0.999995	         1
    0.9675	     0.008	  0.999995	         1
  0.968125	     0.008	  0.999995	         1
   0.96875	     0.007	  0.999995	         1
  0.969375	     0.007	  0.999995	         1
      0.97	     0.007	  0.999995	         1
  0.970625	     0.007	  0.999995	         1
   0.97125	     0.007	  0.999995	         1
  0.971875	     0.008	  0.999995	         1
    0.9725	     0.007	  0.999996	         1
  0.973125	     0.007	  0.999996	         1
   0.97375	     0.007	  0.999996	         1
  0.974375	     0.007	  0.999996	         1
     0.975	     0.006	  0.999996	         1
  0.975625	     0.005	  0.999997	         1
   0.97625	     0.005	  0.999997	         1
  0.976875	     0.005	  0.999997	         1
    0.9775	     0.004	  0.999997	         1
  0.978125	     0.004	  0.999997	         1
   0.97875	     0.004	  0.999997	         1
  0.979375	     0.003	  0.999998	         1
      0.98	     0.003	  0.999998	         1
  0.980625	     0.003	  0.999998	         1
   0.98125	     0.003	  0.999998	         1
  0.981875	     0.002	  0.999999	         1
    0.9825	         0	         1	         1
  0.983125	         0	         1	         1
   0.98375	         0	         1	         1
  0.984375	         0	         1	         1
     0.985	         0	         1	         1
  0.985625	         0	         1	         1
   0.98625	         0	         1	         1
  0.986875	         0	         1	         1
    0.9875	         0	         1	         1
  0.988125	         0	         1	         1
   0.98875	         0	         1	         1
  0.989375	         0	         1	         1
      0.99	         0	         1	         1
  0.990625	         0	         1	         1
   0.99125	         0	         1	         1
  0.991875	         0	         1	         1
    0.9925	         0	         1	         1
  0.993125	         0	         1	         1
   0.99375	         0	         1	         1
  0.994375	         0	         1	         1
     0.995	         0	         1	         1
  0.995625	         0	         1	         1
   0.99625	         0	         1	         1
  0.996875	         0	         1	         1
    0.9975	         0	         1	         1
  0.998125	         0	         1	         1
   0.99875	         0	         1	         1
  0.999375	         0	         1	         1
         1	         0	         1	         1
